5.217391304347826
5.172413793103448
5.128205128205128
5.084745762711865
5.0
4.958677685950414
3.278688524590164
4.878048780487805
4.032258064516129
3.2
3.1746031746031744
3.149606299212598
3.125
3.10077519379845
3.076923076923077
3.076923076923077
3.0534351145038165
3.0303030303030303
3.0303030303030303
3.007518796992481
2.9629629629629632
3.6764705882352944
3.64963503649635
3.64963503649635
2.9197080291970803
2.877697841726619
2.857142857142857
2.127659574468085
2.112676056338028
2.083333333333333
2.0689655172413794
2.054794520547945
2.0408163265306123
2.027027027027027
2.013422818791946
2.0
2.6490066225165565
2.631578947368421
2.5974025974025974
2.5806451612903225
2.564102564102564
2.547770700636943
2.547770700636943
3.1645569620253164
3.125
3.125
3.1055900621118013
3.1055900621118013
3.0864197530864197
3.0864197530864197
4.320987654320987
4.320987654320987
4.294478527607362
4.2682926829268295
4.2682926829268295
4.242424242424243
4.216867469879518
4.191616766467066
4.166666666666666
4.733727810650888
4.678362573099415
4.651162790697675
4.597701149425287
4.571428571428571
3.4090909090909087
3.4090909090909087
3.389830508474576
3.3707865168539324
3.35195530726257
3.3333333333333335
3.3333333333333335
3.314917127071823
3.314917127071823
3.296703296703297
3.278688524590164
3.260869565217391
3.2432432432432434
3.225806451612903
3.7433155080213902
3.723404255319149
3.7037037037037033
3.684210526315789
3.664921465968586
3.6458333333333335
3.6269430051813467
3.0927835051546393
3.0927835051546393
4.102564102564102
3.571428571428571
3.0456852791878175
3.535353535353535
3.015075376884422
4.0
3.9800995024875623
2.9850746268656714
1.9900497512437811
1.4925373134328357
1.9801980198019802
1.9704433497536946
1.9607843137254901
1.951219512195122
1.9417475728155338
2.4154589371980677
1.4492753623188406
1.9230769230769231
1.9138755980861244
1.9047619047619049
1.8957345971563981
2.3696682464454977
2.358490566037736
3.30188679245283
3.286384976525822
3.2710280373831773
3.255813953488372
3.255813953488372
3.255813953488372
3.2407407407407405
3.225806451612903
3.211009174311927
3.1963470319634704
3.1818181818181817
3.1818181818181817
3.1818181818181817
3.167420814479638
3.167420814479638
3.153153153153153
3.1390134529147984
3.1390134529147984
3.1390134529147984
3.1390134529147984
3.125
3.111111111111111
3.0973451327433628
3.0837004405286343
3.070175438596491
2.1834061135371177
2.1834061135371177
2.1739130434782608
2.1739130434782608
2.1645021645021645
2.1459227467811157
2.1367521367521367
2.553191489361702
2.5423728813559325
2.5423728813559325
2.5316455696202533
2.100840336134454
2.092050209205021
2.092050209205021
2.083333333333333
2.0746887966804977
2.0746887966804977
2.066115702479339
2.05761316872428
2.4691358024691357
2.459016393442623
2.0408163265306123
2.0325203252032518
2.0242914979757085
2.0161290322580645
2.4193548387096775
2.4096385542168677
2.4
2.4
2.3904382470119523
2.3904382470119523
2.380952380952381
2.371541501976284
2.3622047244094486
2.3529411764705883
3.125
3.11284046692607
3.10077519379845
3.474903474903475
3.474903474903475
3.861003861003861
3.076923076923077
3.065134099616858
3.8314176245210727
3.8314176245210727
4.21455938697318
4.21455938697318
4.198473282442748
4.182509505703422
4.166666666666666
4.150943396226415
4.135338345864661
4.119850187265917
4.477611940298507
4.4609665427509295
4.444444444444445
4.444444444444445
4.428044280442804
4.411764705882353
4.395604395604396
4.395604395604396
4.37956204379562
4.363636363636364
4.3478260869565215
4.332129963898916
4.316546762589928
4.301075268817205
4.301075268817205
4.301075268817205
4.285714285714286
4.270462633451958
4.25531914893617
4.25531914893617
4.240282685512367
4.225352112676056
4.56140350877193
4.545454545454546
4.529616724738676
4.513888888888888
4.498269896193772
4.482758620689655
4.4673539518900345
4.4520547945205475
4.436860068259386
4.421768707482993
3.741496598639456
3.741496598639456
4.421768707482993
4.406779661016949
4.406779661016949
4.391891891891892
4.377104377104377
4.3624161073825505
4.3478260869565215
4.666666666666667
4.666666666666667
4.333333333333334
4.318936877076411
4.318936877076411
4.304635761589404
4.29042904290429
4.276315789473684
4.605263157894736
4.590163934426229
4.57516339869281
4.5602605863192185
4.545454545454546
4.545454545454546
4.53074433656958
4.516129032258064
4.501607717041801
4.501607717041801
4.487179487179487
5.128205128205128
5.111821086261981
5.111821086261981
4.472843450479233
5.095541401273886
5.079365079365079
5.063291139240507
5.047318611987381
5.345911949685535
5.329153605015674
5.329153605015674
5.3125
5.29595015576324
5.590062111801243
5.263157894736842
5.246913580246913
5.230769230769231
4.601226993865031
4.281345565749235
3.9634146341463414
3.9634146341463414
3.951367781155015
3.939393939393939
3.927492447129909
4.531722054380665
4.819277108433735
4.216867469879518
4.2042042042042045
4.191616766467066
4.179104477611941
4.166666666666666
4.747774480712167
4.733727810650888
4.71976401179941
4.411764705882353
4.398826979472141
4.385964912280701
3.7900874635568513
4.3604651162790695
4.3478260869565215
3.768115942028986
4.335260115606936
4.322766570605188
4.310344827586207
4.584527220630372
5.157593123209169
5.142857142857142
5.128205128205128
4.829545454545454
4.829545454545454
5.099150141643059
5.099150141643059
5.6657223796034
5.649717514124294
5.633802816901409
5.617977528089887
5.337078651685393
4.761904761904762
4.201680672268908
4.201680672268908
4.189944134078212
4.178272980501393
4.178272980501393
4.166666666666666
4.722222222222222
4.7091412742382275
4.696132596685083
4.683195592286501
4.683195592286501
4.670329670329671
4.657534246575342
4.644808743169399
4.371584699453552
4.371584699453552
4.35967302452316
4.35967302452316
4.35967302452316
4.619565217391304
4.607046070460704
5.149051490514905
5.135135135135135
5.121293800539084
5.10752688172043
5.10752688172043
5.093833780160858
5.080213903743315
5.333333333333334
5.319148936170213
5.305039787798409
5.291005291005291
5.291005291005291
5.277044854881266
5.263157894736842
5.2493438320209975
5.7591623036649215
6.266318537859007
5.729166666666666
5.729166666666666
6.25
6.233766233766234
6.217616580310881
5.699481865284974
5.684754521963824
5.684754521963824
5.670103092783505
5.655526992287918
5.641025641025641
5.88235294117647
6.3938618925831205
5.86734693877551
5.852417302798982
5.852417302798982
5.83756345177665
5.822784810126582
5.822784810126582
5.808080808080808
6.045340050377834
6.030150753768844
5.778894472361809
5.764411027568922
5.75
5.7356608478802995
5.721393034825871
5.707196029776675
5.707196029776675
5.707196029776675
5.693069306930694
5.679012345679013
5.665024630541872
5.665024630541872
5.665024630541872
5.651105651105651
5.637254901960785
5.623471882640587
5.623471882640587
5.623471882640587
5.853658536585367
6.097560975609756
6.082725060827251
6.082725060827251
6.553398058252427
6.053268765133172
6.038647342995169
6.024096385542169
6.009615384615385
6.009615384615385
5.995203836930456
5.995203836930456
5.995203836930456
5.980861244019139
5.966587112171838
5.952380952380952
5.938242280285035
5.938242280285035
5.924170616113744
5.924170616113744
5.91016548463357
5.89622641509434
5.88235294117647
5.868544600938967
5.85480093676815
5.85480093676815
5.841121495327103
5.827505827505827
5.813953488372093
5.813953488372093
5.800464037122969
6.018518518518518
6.0046189376443415
5.990783410138248
5.977011494252873
5.5045871559633035
5.720823798627003
5.720823798627003
5.707762557077626
5.93607305936073
5.922551252847381
5.909090909090909
6.349206349206349
6.561085972850679
6.094808126410835
6.081081081081082
5.8558558558558556
5.842696629213483
5.829596412556054
6.053811659192825
6.053811659192825
6.0402684563758395
6.0402684563758395
6.026785714285714
6.013363028953229
6.0
5.986696230598669
5.9734513274336285
5.960264900662252
5.947136563876652
5.934065934065933
5.934065934065933
5.921052631578947
5.908096280087528
5.895196506550218
5.88235294117647
5.869565217391305
5.869565217391305
5.6521739130434785
5.639913232104121
5.639913232104121
5.627705627705628
5.615550755939525
5.603448275862069
5.591397849462366
5.579399141630901
5.567451820128479
5.555555555555555
5.543710021321962
5.531914893617021
5.520169851380043
5.508474576271186
5.496828752642706
5.485232067510549
5.052631578947368
5.042016806722689
5.031446540880504
5.02092050209205
5.02092050209205
5.02092050209205
5.427974947807933
5.416666666666667
5.613305613305614
5.601659751037345
5.590062111801243
5.578512396694215
5.567010309278351
5.555555555555555
5.544147843942506
5.544147843942506
5.532786885245901
5.521472392638037
5.1020408163265305
4.684317718940937
4.684317718940937
4.684317718940937
4.684317718940937
4.67479674796748
4.86815415821501
4.8582995951417
4.848484848484849
4.838709677419355
4.838709677419355
4.82897384305835
4.819277108433735
4.809619238476954
4.809619238476954
4.809619238476954
4.8
4.8
4.790419161676647
4.790419161676647
4.581673306772909
4.7713717693836974
4.761904761904762
5.148514851485149
5.138339920948617
5.128205128205128
5.325443786982249
4.921259842519685
4.911591355599214
5.490196078431373
5.294117647058823
5.283757338551859
5.2734375
5.263157894736842
5.252918287937743
5.242718446601942
5.232558139534884
5.222437137330754
5.415860735009671
5.7915057915057915
5.5876685934489405
5.5769230769230775
5.566218809980806
5.3742802303262955
5.363984674329502
5.363984674329502
5.353728489483748
5.544933078393881
5.544933078393881
5.152671755725191
5.142857142857142
5.133079847908745
5.133079847908745
5.133079847908745
5.1233396584440225
5.113636363636364
5.103969754253308
5.103969754253308
5.09433962264151
4.708097928436912
4.6992481203007515
5.065666041275797
5.056179775280898
5.056179775280898
5.046728971962617
5.037313432835821
5.027932960893855
4.8417132216014895
4.8417132216014895
4.4692737430167595
4.4609665427509295
4.452690166975881
4.452690166975881
4.62962962962963
4.990757855822551
4.981549815498155
4.972375690607735
5.330882352941177
5.147058823529411
5.137614678899083
5.128205128205128
5.118829981718465
5.118829981718465
5.109489051094891
4.927007299270073
5.109489051094891
5.2823315118397085
5.2727272727272725
5.263157894736842
5.44464609800363
5.434782608695652
5.244122965641953
5.234657039711191
5.225225225225225
5.225225225225225
5.215827338129497
5.206463195691203
5.197132616487455
5.366726296958855
5.0
4.634581105169341
4.45632798573975
4.448398576512456
4.440497335701599
4.432624113475177
4.432624113475177
4.424778761061947
4.41696113074205
4.5855379188712515
4.938271604938271
4.938271604938271
5.105633802816902
5.105633802816902
5.28169014084507
5.272407732864675
5.272407732864675
5.614035087719298
5.604203152364273
5.604203152364273
5.594405594405594
5.769230769230769
5.5846422338568935
5.5846422338568935
5.5846422338568935
5.93368237347295
5.923344947735192
6.260869565217392
6.25
5.892547660311958
5.536332179930796
5.526770293609672
5.517241379310345
5.507745266781412
5.326460481099656
4.974271012006861
4.974271012006861
4.974271012006861
4.974271012006861
4.965753424657534
5.299145299145299
5.460750853242321
5.45144804088586
5.1020408163265305
5.093378607809847
5.084745762711865
5.0761421319796955
5.0761421319796955
5.405405405405405
5.396290050590219
5.396290050590219
5.387205387205387
5.555555555555555
5.378151260504202
5.369127516778524
5.360134003350084
5.360134003350084
5.351170568561873
5.68561872909699
5.676126878130217
5.676126878130217
5.509181969949917
5.509181969949917
5.676126878130217
5.833333333333333
5.490848585690515
5.657237936772046
5.647840531561462
5.970149253731343
5.960264900662252
5.950413223140496
5.950413223140496
5.9405940594059405
5.930807248764415
5.921052631578947
5.921052631578947
5.911330049261084
5.901639344262295
5.8919803600654665
5.8919803600654665
5.555555555555555
5.872756933115824
5.863192182410423
5.537459283387622
5.528455284552845
5.51948051948052
5.510534846029174
5.501618122977346
5.492730210016155
5.483870967741936
5.806451612903226
5.806451612903226
5.806451612903226
5.797101449275362
5.797101449275362
5.475040257648954
5.466237942122187
5.457463884430177
5.448717948717949
5.4399999999999995
5.431309904153355
5.422647527910686
5.414012738853503
5.405405405405405
5.396825396825397
5.388272583201268
5.69620253164557
5.69620253164557
5.687203791469194
5.678233438485805
5.669291338582677
5.660377358490567
5.651491365777081
5.6426332288401255
5.6426332288401255
5.633802816901409
5.625
5.61622464898596
5.607476635514018
5.598755832037325
5.598755832037325
5.590062111801243
5.5813953488372094
5.5813953488372094
5.572755417956656
5.564142194744977
5.564142194744977
5.555555555555555
5.546995377503852
5.538461538461538
5.529953917050691
5.521472392638037
5.51301684532925
5.5045871559633035
5.198776758409786
5.5045871559633035
5.4961832061068705
5.487804878048781
5.47945205479452
5.47112462006079
5.462822458270106
5.7663125948406675
5.606060606060606
5.597579425113464
5.589123867069486
5.580693815987934
5.580693815987934
5.572289156626506
5.56390977443609
5.555555555555555
5.555555555555555
5.405405405405405
5.397301349325337
5.389221556886228
5.389221556886228
5.381165919282512
5.381165919282512
5.381165919282512
5.3731343283582085
5.365126676602086
5.365126676602086
5.365126676602086
5.357142857142857
5.349182763744428
5.349182763744428
5.341246290801187
5.333333333333334
5.325443786982249
5.325443786982249
5.317577548005908
5.014749262536873
5.3019145802650955
5.294117647058823
5.286343612334802
5.278592375366569
5.278592375366569
5.27086383601757
5.263157894736842
5.255474452554744
5.247813411078718
5.385735080058224
5.377906976744186
5.370101596516691
5.370101596516691
5.370101596516691
5.36231884057971
5.36231884057971
5.354558610709118
5.346820809248555
5.05050505050505
5.339105339105339
5.3314121037463975
5.323741007194244
5.323741007194244
5.323741007194244
5.316091954022988
5.308464849354376
5.0215208034433285
5.014326647564469
5.014326647564469
5.007153075822604
5.0
4.9928673323823105
4.985754985754986
4.978662873399715
4.971590909090909
4.964539007092199
4.964539007092199
4.957507082152975
4.9504950495049505
5.2259887005649714
5.218617771509168
5.211267605633803
5.20393811533052
5.196629213483146
5.189340813464235
5.46218487394958
5.454545454545454
5.4469273743016755
5.439330543933055
5.43175487465181
5.571030640668524
5.563282336578582
5.555555555555555
5.547850208044383
5.825242718446602
5.8171745152354575
5.809128630705394
5.801104972375691
5.793103448275862
5.785123966942149
5.777166437414031
5.769230769230769
5.769230769230769
5.761316872427984
5.7534246575342465
5.7534246575342465
5.745554035567715
5.737704918032787
5.737704918032787
5.729877216916781
5.722070844686648
5.722070844686648
5.714285714285714
5.706521739130435
5.706521739130435
5.698778833107191
5.698778833107191
5.691056910569105
5.420054200542006
5.683355886332882
5.675675675675676
5.668016194331984
5.660377358490567
5.660377358490567
5.660377358490567
5.525606469002695
5.795148247978436
5.787348586810229
5.779569892473118
5.771812080536913
5.7640750670241285
5.495978552278821
5.495978552278821
5.4886211512717535
5.481283422459892
5.473965287049399
5.466666666666667
5.459387483355526
5.459387483355526
5.459387483355526
5.452127659574469
5.452127659574469
5.444887118193891
5.437665782493369
5.437665782493369
5.430463576158941
5.423280423280423
5.423280423280423
5.416116248348745
5.284015852047556
5.284015852047556
5.277044854881266
5.006587615283268
5.0
4.993429697766097
4.986876640419948
4.986876640419948
4.980340760157274
4.973821989528796
4.967320261437909
4.967320261437909
4.960835509138381
4.954367666232073
4.947916666666666
4.9414824447334205
5.071521456436931
5.0649350649350655
5.058365758754864
5.051813471502591
5.045278137128072
4.7803617571059425
4.774193548387097
4.774193548387097
4.768041237113402
4.510309278350515
4.510309278350515
4.510309278350515
4.504504504504505
4.755784061696658
5.006418485237484
4.743589743589744
4.737516005121639
4.731457800511509
4.980842911877394
4.974489795918367
4.974489795918367
4.968152866242039
4.840764331210192
4.8346055979643765
4.8284625158831
4.8284625158831
4.822335025380711
4.816223067173637
4.810126582278481
4.804045512010114
4.551201011378002
4.545454545454546
4.539722572509458
4.534005037783375
4.528301886792453
4.396984924623116
4.396984924623116
4.396984924623116
4.391468005018821
4.385964912280701
4.380475594493117
4.375
4.119850187265917
4.369538077403246
4.613466334164588
4.60772104607721
4.601990049751244
4.596273291925466
4.590570719602978
4.584882280049566
4.3316831683168315
4.3316831683168315
4.326328800988875
4.320987654320987
4.315659679408138
4.069050554870531
4.064039408866995
4.064039408866995
4.059040590405904
4.054054054054054
4.049079754601228
4.28921568627451
4.28921568627451
4.283965728274174
4.278728606356968
4.400977995110025
4.63980463980464
4.390243902439024
4.38489646772229
4.37956204379562
4.374240583232078
4.368932038834951
4.363636363636364
4.363636363636364
4.358353510895883
4.353083434099154
4.3478260869565215
4.342581423401689
4.337349397590361
4.332129963898916
4.332129963898916
4.326923076923077
4.321728691476591
4.316546762589928
4.316546762589928
4.316546762589928
4.07185628742515
3.952095808383234
3.9473684210526314
4.062126642771804
4.05727923627685
4.295942720763723
4.290822407628129
4.290822407628129
4.285714285714286
4.399524375743162
4.399524375743162
4.394299287410926
4.394299287410926
4.389086595492289
4.383886255924171
4.378698224852071
4.378698224852071
4.609929078014184
4.609929078014184
4.6044864226682405
4.599056603773585
4.599056603773585
4.593639575971731
4.588235294117647
4.470588235294118
4.465334900117509
4.460093896713615
4.4548651817116065
4.449648711943794
4.449648711943794
4.56140350877193
4.55607476635514
4.550758459743291
4.545454545454546
4.540162980209546
4.534883720930233
4.529616724738676
4.524361948955916
4.5191193511008105
4.513888888888888
4.508670520231214
4.503464203233257
4.498269896193772
4.493087557603687
4.7180667433832
4.712643678160919
4.707233065442021
4.701834862385321
4.696449026345934
4.691075514874142
4.685714285714285
4.4520547945205475
4.67502850627138
4.669703872437358
4.6643913538111486
4.659090909090909
4.6538024971623155
4.648526077097506
4.64326160815402
4.756511891279728
4.97737556561086
4.97737556561086
4.971751412429379
4.966139954853273
4.96054114994363
4.954954954954955
4.724409448818897
4.49438202247191
4.489337822671156
4.377104377104377
4.377104377104377
4.37219730941704
4.367301231802911
4.3624161073825505
4.3624161073825505
4.357541899441341
4.129464285714286
4.129464285714286
3.901895206243032
4.120267260579064
4.115684093437152
4.111111111111112
4.111111111111112
4.111111111111112
4.1065482796892345
4.1065482796892345
4.1065482796892345
4.1019955654102
4.097452934662237
4.097452934662237
4.097452934662237
4.097452934662237
4.092920353982301
4.088397790055249
3.863134657836645
3.8588754134509373
3.8588754134509373
3.854625550660793
4.074889867841409
4.074889867841409
4.07040704070407
4.07040704070407
4.07040704070407
4.285714285714286
4.281009879253568
4.281009879253568
4.276315789473684
4.052573932092004
4.271631982475356
4.266958424507659
4.2622950819672125
4.25764192139738
4.252998909487459
4.248366013071895
4.248366013071895
4.248366013071895
4.466230936819173
4.461371055495103
4.456521739130435
4.451682953311618
4.451682953311618
4.4468546637744035
4.442036836403034
4.437229437229438
4.4324324324324325
4.427645788336933
4.643628509719223
4.638619201725998
4.633620689655173
4.628632938643703
4.628632938643703
4.838709677419355
4.838709677419355
4.833512352309345
4.828326180257511
4.823151125401929
4.6038543897216275
4.598930481283422
4.598930481283422
4.598930481283422
4.487179487179487
4.487179487179487
4.5891141942369265
4.5891141942369265
4.584221748400854
4.579339723109691
4.579339723109691
4.579339723109691
4.574468085106383
4.574468085106383
4.574468085106383
4.569606801275238
4.564755838641188
4.564755838641188
4.559915164369035
4.559915164369035
4.555084745762712
4.555084745762712
4.550264550264551
4.540654699049631
4.5358649789029535
4.5358649789029535
4.531085353003162
4.531085353003162
4.531085353003162
4.526315789473685
4.526315789473685
4.52155625657203
4.516806722689076
4.512067156348373
4.5073375262054505
4.502617801047121
4.497907949790795
4.493207941483804
4.4885177453027145
4.275286757038582
4.479166666666667
4.479166666666667
4.474505723204994
4.261954261954262
4.257528556593977
4.253112033195021
4.253112033195021
4.248704663212435
4.037267080745342
4.033092037228542
4.033092037228542
4.024767801857585
4.020618556701031
4.016477857878476
4.016477857878476
4.012345679012346
4.008221993833504
4.004106776180698
4.0
4.200819672131147
4.1965199590583415
4.192229038854806
4.187946884576098
4.183673469387755
3.9795918367346936
3.9795918367346936
4.17940876656473
4.1751527494908345
4.170905391658189
3.9634146341463414
4.166666666666666
4.166666666666666
4.16243654822335
4.16243654822335
4.158215010141988
4.158215010141988
4.154002026342452
4.149797570850203
4.145601617795753
4.145601617795753
4.141414141414142
4.137235116044399
4.133064516129032
4.133064516129032
4.128902316213495
4.325955734406438
4.325955734406438
4.325955734406438
4.325955734406438
4.321608040201005
4.317269076305221
4.317269076305221
4.518072289156627
4.518072289156627
4.518072289156627
4.518072289156627
4.513540621865597
4.408817635270541
4.408817635270541
4.408817635270541
4.404404404404405
4.404404404404405
4.3999999999999995
4.395604395604396
4.39121756487026
4.39121756487026
4.3868394815553335
4.382470119521913
4.378109452736319
4.3737574552683895
4.369414101290963
4.365079365079365
4.360753221010902
4.360753221010902
4.360753221010902
4.158415841584159
4.154302670623145
4.150197628458498
4.150197628458498
4.146100691016782
4.142011834319527
4.137931034482759
4.137931034482759
4.133858267716536
4.129793510324483
4.12573673870334
4.12573673870334
4.12573673870334
4.12573673870334
4.121687929342492
4.121687929342492
4.117647058823529
4.113614103819784
4.113614103819784
4.10958904109589
4.105571847507331
4.105571847507331
4.1015625
4.097560975609756
4.097560975609756
4.093567251461988
4.1910331384015596
4.186952288218111
4.182879377431906
4.178814382896015
4.174757281553398
4.1707080504364695
4.1707080504364695
4.1707080504364695
4.166666666666666
4.166666666666666
4.162633107454018
4.158607350096712
4.154589371980676
4.343629343629344
4.339440694310511
4.335260115606936
4.331087584215592
4.331087584215592
4.331087584215592
4.331087584215592
4.331087584215592
4.326923076923077
4.326923076923077
4.326923076923077
4.322766570605188
4.318618042226487
4.318618042226487
4.314477468839885
4.314477468839885
4.310344827586207
4.118773946360153
4.114832535885168
4.114832535885168
4.1108986615678775
3.9159503342884436
3.9122137404580157
3.9084842707340326
3.9047619047619047
3.9010466222645097
3.897338403041825
3.89363722697056
3.89363722697056
4.0796963946869065
4.075829383886256
4.071969696969697
4.261363636363636
4.261363636363636
4.261363636363636
4.257332071901608
4.257332071901608
4.253308128544423
4.2492917847025495
4.245283018867925
4.245283018867925
4.2412818096135725
4.0527803958529685
4.23728813559322
4.233301975540922
4.2293233082706765
4.225352112676056
4.221388367729831
4.217432052483598
4.213483146067416
4.20954162768943
4.205607476635514
4.205607476635514
4.205607476635514
4.205607476635514
4.018691588785047
4.014939309056956
4.0111940298507465
4.0111940298507465
4.007455731593663
4.003724394785848
4.0
3.9962825278810405
3.9962825278810405
3.9925719591457756
3.9888682745825603
3.985171455050973
3.981481481481482
3.9777983348751156
3.9741219963031424
3.9741219963031424
3.970452446906741
3.9667896678966788
3.963133640552995
3.959484346224678
3.959484346224678
3.9558417663293466
3.952205882352941
3.952205882352941
3.952205882352941
3.952205882352941
3.948576675849403
3.9449541284403673
3.9449541284403673
3.9413382218148487
3.9413382218148487
3.9413382218148487
3.9377289377289375
3.9341262580054894
3.930530164533821
3.9269406392694064
3.923357664233577
3.919781221513218
3.9162112932604733
3.912647861692448
3.912647861692448
3.909090909090909
3.905540417801998
3.901996370235935
3.8984587488667275
3.894927536231884
3.8914027149321266
3.8914027149321266
3.887884267631103
3.887884267631103
3.884372177055104
3.8808664259927803
3.87736699729486
3.873873873873874
4.05040504050405
4.046762589928058
4.046762589928058
4.0431266846361185
4.0431266846361185
4.039497307001795
4.0358744394618835
4.0358744394618835
4.032258064516129
4.032258064516129
4.028648164726947
4.025044722719142
4.021447721179625
4.021447721179625
4.021447721179625
4.017857142857143
4.014272970561998
4.010695187165775
4.007123775601069
4.0035587188612105
4.0
3.996447602131439
3.9929015084294592
3.9893617021276597
3.985828166519043
3.982300884955752
3.978779840848806
3.978779840848806
3.9752650176678443
3.795233892321271
3.971756398940865
3.968253968253968
3.968253968253968
3.9647577092511015
3.961267605633803
3.95778364116095
3.95778364116095
3.9543057996485063
3.9508340649692713
3.9473684210526314
3.943908851884312
3.940455341506129
3.937007874015748
3.9335664335664338
3.9301310043668125
3.926701570680628
3.9232781168265043
3.9198606271777
3.91644908616188
3.91304347826087
3.739130434782609
3.735881841876629
3.732638888888889
3.5590277777777777
3.5559410234171724
3.7294015611448397
3.726169844020797
3.722943722943723
3.7197231833910034
3.7165082108902334
3.7132987910189987
3.537532355478861
3.53448275862069
3.620689655172414
3.6175710594315245
3.614457831325301
3.52536543422184
3.350515463917526
3.350515463917526
3.178694158075601
3.1759656652360517
3.173241852487135
3.3419023136246784
3.339041095890411
3.3361847733105217
3.3333333333333335
3.330486763450043
3.3276450511945397
3.4129692832764507
3.410059676044331
3.4071550255536627
3.4071550255536627
3.404255319148936
3.4013605442176873
3.4013605442176873
3.3984706881903146
3.395585738539898
3.395585738539898
3.3927056827820183
3.389830508474576
3.3869602032176123
3.3840947546531304
3.38123415046492
3.3783783783783785
3.375527426160337
3.375527426160337
3.372681281618887
3.372681281618887
3.369839932603201
3.535353535353535
3.532380151387721
3.532380151387721
3.361344537815126
3.3585222502099077
3.3557046979865772
3.352891869237217
3.350083752093802
3.350083752093802
3.3472803347280333
3.3444816053511706
3.341687552213868
3.341687552213868
3.508771929824561
3.5058430717863103
3.5058430717863103
3.5029190992493744
3.5000000000000004
3.4970857618651126
3.494176372712146
3.4912718204488775
3.488372093023256
3.4854771784232366
3.482587064676617
3.5625517812758902
3.5596026490066226
3.5596026490066226
3.556658395368073
3.553719008264463
3.5507844756399667
3.3856317093311312
3.382838283828383
3.382838283828383
3.3800494641384993
3.3772652388797364
3.3772652388797364
3.3772652388797364
3.3772652388797364
3.2948929159802307
3.292181069958848
3.289473684210526
3.2867707477403454
3.451109285127362
3.4482758620689653
3.284072249589491
3.284072249589491
3.284072249589491
3.284072249589491
3.281378178835111
3.4454470877768664
3.4426229508196724
3.43980343980344
3.43980343980344
3.436988543371522
3.434178250204415
3.431372549019608
3.428571428571429
3.4257748776508974
3.507340946166395
3.5044824775876124
3.5016286644951142
3.4987794955248166
3.495934959349593
3.4930950446791225
3.49025974025974
3.49025974025974
3.64963503649635
3.6466774716369525
3.643724696356275
3.640776699029126
3.637833468067906
3.634894991922456
3.631961259079903
3.631961259079903
3.6290322580645165
3.62610797743755
3.620273531777957
3.697749196141479
3.6947791164658637
3.6918138041733553
3.6888532477947074
3.685897435897436
3.685897435897436
3.682946357085669
3.6799999999999997
3.5171862509992007
3.5143769968051117
3.5115722266560256
3.35195530726257
3.349282296650718
3.187250996015936
3.1847133757961785
3.1847133757961785
3.182179793158314
3.1796502384737675
3.2565528196981735
3.2565528196981735
3.415409054805401
3.5742652899126295
3.571428571428571
3.5685963521015065
3.565768621236133
3.565768621236133
3.6450079239302693
3.6450079239302693
3.6450079239302693
3.642121931908155
3.642121931908155
3.6392405063291138
3.6392405063291138
3.6363636363636362
3.6363636363636362
3.6334913112164293
3.6306235201262824
3.6306235201262824
3.4700315457413247
3.4700315457413247
3.4700315457413247
3.4700315457413247
3.467297084318361
3.543307086614173
3.385826771653543
3.385826771653543
3.385826771653543
3.383162863886703
3.380503144654088
3.5349567949725063
3.5321821036106753
3.5294117647058822
3.5294117647058822
3.526645768025078
3.445575567736883
3.4428794992175273
3.4428794992175273
3.440187646598905
3.5183737294761532
3.515625
3.51288056206089
3.507404520654715
3.5046728971962615
3.3463035019455254
3.3463035019455254
3.4992223950233283
3.4992223950233283
3.4965034965034967
3.4965034965034967
3.493788819875776
3.491078355314197
3.491078355314197
3.488372093023256
3.6405886909372582
3.6405886909372582
3.637770897832817
3.637770897832817
3.637770897832817
3.634957463263728
3.634957463263728
3.6321483771251932
3.6293436293436296
3.7808641975308643
3.7779491133384733
3.7750385208012327
3.7721324095458044
3.769230769230769
3.769230769230769
3.7663335895465027
3.763440860215054
3.9140445126630854
3.7576687116564416
3.7547892720306515
3.5987748851454824
3.5960214231063508
3.5932721712538225
3.590527119938885
3.5877862595419847
3.585049580472922
3.50609756097561
3.5034272658035035
3.5034272658035035
3.5034272658035035
3.50076103500761
3.4980988593155895
3.4954407294832825
3.492786636294609
3.416856492027335
3.416856492027335
3.414264036418816
3.411675511751327
3.411675511751327
3.4090909090909087
3.4065102195306585
3.40393343419062
3.4013605442176873
3.3987915407854987
3.3962264150943398
3.3936651583710407
3.391107761868877
3.3157498116051247
3.313253012048193
3.3860045146726865
3.2330827067669174
3.2306536438767846
3.2282282282282284
3.225806451612903
3.223388305847077
3.2209737827715355
3.218562874251497
3.218562874251497
3.2161555721765147
3.2137518684603883
3.2113517550410755
3.2113517550410755
3.2089552238805967
3.2089552238805967
3.206562266964952
3.2041728763040243
3.201787043931496
3.199404761904762
3.197026022304833
3.197026022304833
3.1946508172362553
3.192279138827023
3.3382789317507418
3.3358042994810972
3.3333333333333335
3.3308660251665434
3.1804733727810652
3.1804733727810652
3.2520325203252036
3.2520325203252036
3.2520325203252036
3.2496307237813884
3.247232472324723
3.2448377581120944
3.2424465733235075
3.2424465733235075
3.2424465733235075
3.2400589101620034
3.3873343151693667
3.384841795437822
3.3823529411764706
3.3798677443056575
3.2305433186490458
3.2305433186490458
3.2281731474688184
3.2281731474688184
3.225806451612903
3.223443223443224
3.22108345534407
3.218727139722019
3.3625730994152043
3.3601168736303872
3.214024835646457
3.3601168736303872
3.433162892622352
3.433162892622352
3.43065693430657
3.4281546316557256
3.4256559766763846
3.423160961398398
3.420669577874818
3.418181818181818
3.561046511627907
3.561046511627907
3.558460421205519
3.5558780841799713
3.5558780841799713
3.5532994923857872
3.5507246376811596
3.5507246376811596
3.5481535119478638
3.5481535119478638
3.5481535119478638
3.545586107091172
3.398409255242227
3.395953757225433
3.393501805054152
3.393501805054152
3.3910533910533913
3.3910533910533913
3.3886085075702956
3.386167146974063
3.3837293016558676
3.381294964028777
3.378864126527678
3.3764367816091956
3.374012921751615
3.3715925394548063
3.369175627240143
3.36676217765043
3.510028653295129
3.507516105941303
3.3619456366237483
3.3595425303788424
3.357142857142857
3.354746609564597
3.3523537803138375
3.4236804564907275
3.4236804564907275
3.4236804564907275
3.4236804564907275
3.4212401995723454
3.418803418803419
3.416370106761566
3.416370106761566
3.416370106761566
3.416370106761566
3.2716927453769555
3.269367448471926
3.269367448471926
3.269367448471926
3.269367448471926
3.269367448471926
3.2670454545454546
3.2647267565649396
3.2647267565649396
3.2624113475177303
3.2624113475177303
3.260099220411056
3.39943342776204
3.397027600849257
3.3946251768033946
3.4628975265017665
3.4604519774011298
3.5991531404375445
3.596614950634697
3.5260930888575457
3.5236081747709656
3.6619718309859155
3.6619718309859155
3.6619718309859155
3.6593947923997185
3.6593947923997185
3.6568213783403656
3.6542515811665495
3.651685393258427
3.508771929824561
3.508771929824561
3.508771929824561
3.506311360448808
3.50385423966363
3.50385423966363
3.5014005602240896
3.5014005602240896
3.498950314905528
3.4965034965034967
3.4965034965034967
3.494060097833683
3.6338225017470296
3.6312849162011176
3.628750872295883
3.628750872295883
3.628750872295883
3.628750872295883
3.626220362622036
3.626220362622036
3.626220362622036
3.623693379790941
3.6211699164345403
3.6211699164345403
3.6186499652052886
3.616133518776078
3.6136205698401667
3.6111111111111107
3.608605135322693
3.608605135322693
3.6061026352288486
3.6036036036036037
3.6011080332409975
3.6011080332409975
3.598615916955018
3.5961272475795294
3.5961272475795294
3.59364201796821
3.59364201796821
3.591160220994475
3.591160220994475
3.591160220994475
3.591160220994475
3.450655624568668
3.4482758620689653
3.310344827586207
3.445899379738112
3.581267217630854
3.5788024776324847
3.43878954607978
3.436426116838488
3.4340659340659343
3.431708991077557
3.4293552812071333
3.427004797806717
3.4246575342465753
3.4223134839151266
3.4199726402188784
3.4199726402188784
3.417634996582365
3.415300546448088
3.4129692832764507
3.4106412005457027
3.408316291751875
3.408316291751875
3.408316291751875
3.4059945504087197
3.2675289312457454
3.2653061224489797
3.2630863358259687
3.2630863358259687
3.260869565217391
3.2586558044806515
3.2564450474898234
3.2542372881355934
3.2542372881355934
3.116531165311653
3.1144211238997968
3.1123139377537212
3.110209601081812
3.2432432432432434
3.2410533423362593
3.1713900134952766
3.169251517194875
3.167115902964959
3.1649831649831652
3.1628532974428
3.1628532974428
3.160726294552791
3.160726294552791
3.160726294552791
3.1586021505376345
3.15648085963734
3.1543624161073827
3.1522468142186453
3.1501340482573728
3.148024112525117
3.2128514056224895
3.2128514056224895
3.3467202141900936
3.2128514056224895
3.2107023411371234
3.2085561497326207
3.2085561497326207
3.2085561497326207
3.2064128256513023
3.204272363150868
3.2021347565043365
3.2021347565043365
3.2
3.1978680879413726
3.1957390146471374
3.1957390146471374
3.1957390146471374
3.1957390146471374
3.1936127744510974
3.1914893617021276
3.189368770764119
3.189368770764119
3.187250996015936
3.1208499335989375
3.11877903118779
3.249336870026525
3.249336870026525
3.2471835652750163
3.1125827814569536
3.1105228325612178
3.1084656084656084
3.1084656084656084
3.2407407407407405
3.238598810310641
3.238598810310641
3.2364597093791283
3.2343234323432344
3.3003300330033
3.2981530343007917
3.2981530343007917
3.2959789057350033
3.4255599472990776
3.4255599472990776
3.4255599472990776
3.423304805793285
3.423304805793285
3.421052631578948
3.418803418803419
3.418803418803419
3.416557161629435
3.4143138542350626
3.4120734908136483
3.4120734908136483
3.4098360655737707
3.4098360655737707
3.4098360655737707
3.4076015727391877
3.4053700065487886
3.4053700065487886
3.4031413612565444
3.4009156311314586
3.3986928104575163
3.3986928104575163
3.3964728935336383
3.3942558746736298
3.3942558746736298
3.3920417482061316
3.389830508474576
3.3876221498371337
3.3854166666666665
3.2552083333333335
3.3854166666666665
3.2552083333333335
3.253090435914118
3.3810143042912877
3.3810143042912877
3.378817413905133
3.3766233766233764
3.3744321868916285
3.309539260220636
3.3073929961089497
3.3073929961089497
3.3052495139338953
3.434867141931303
3.432642487046632
3.43042071197411
3.428201811125485
3.4259857789269557
3.4259857789269557
3.4237726098191215
3.4237726098191215
3.4215622982569402
3.4193548387096775
3.4171502256608637
3.4149484536082473
3.4149484536082473
3.4127495170637476
3.41055341055341
3.408360128617363
3.408360128617363
3.4061696658097684
3.4039820166987798
3.4017971758664958
3.3996151379089157
3.2692307692307696
3.1390134529147984
3.265044814340589
3.265044814340589
3.265044814340589
3.262955854126679
3.260869565217391
3.258785942492013
3.258785942492013
3.256704980842912
3.2546266751754946
3.2546266751754946
3.2546266751754946
3.125
3.2504780114722758
3.121019108280255
3.2463399108847866
3.11704834605598
3.115066751430388
3.1130876747141043
3.111111111111111
3.111111111111111
3.1091370558375635
3.1071655041217503
3.1051964512040557
3.103229892336922
3.103229892336922
3.10126582278481
3.099304237824162
3.0973451327433628
3.0953885028427037
3.2196969696969697
3.2176656151419554
3.3417402269861283
3.3396345305608066
3.3375314861460956
3.3375314861460956
3.3375314861460956
3.3375314861460956
3.335431088735054
3.3333333333333335
3.331238214959145
3.329145728643216
3.329145728643216
3.327055869428751
3.327055869428751
3.3249686323713923
3.3249686323713923
3.3228840125391854
3.3208020050125313
3.3208020050125313
3.3208020050125313
3.3187226048841576
3.316645807259074
3.314571607254534
3.3125
3.3104309806371015
3.1835205992509366
3.1815346225826575
3.1795511221945136
3.177570093457944
3.1755915317559156
3.1736154324828876
3.0472636815920398
3.045369794903667
3.0434782608695654
3.0415890751086283
3.0397022332506203
3.037817730936144
3.0359355638166043
3.0359355638166043
3.1578947368421053
3.155940594059406
3.153988868274583
3.15203955500618
3.1500926497838173
3.148148148148148
3.148148148148148
3.146206045650833
3.146206045650833
3.1442663378545004
3.1442663378545004
3.265557609365373
3.263546798029557
3.2615384615384615
3.2595325953259535
3.2575291948371237
3.2555282555282554
3.2535297728667896
3.2515337423312882
3.249540159411404
3.2475490196078436
3.245560318432333
3.243574051407589
3.243574051407589
3.241590214067278
3.241590214067278
3.241590214067278
3.241590214067278
3.23960880195599
3.2376298106292003
3.235653235653236
3.1135531135531136
3.1135531135531136
3.111653447223917
3.111653447223917
3.1097560975609757
3.1078610603290677
3.1059683313032886
3.227771010962241
3.227771010962241
3.225806451612903
3.223844282238443
3.221884498480243
3.221884498480243
3.219927095990279
3.219927095990279
3.217972070431087
3.216019417475728
3.214069132807762
3.212121212121212
3.210175651120533
3.208232445520581
3.208232445520581
3.208232445520581
3.2062915910465817
3.2043530834340994
3.143893591293833
3.143893591293833
3.143893591293833
3.141993957703928
3.141993957703928
3.141993957703928
3.140096618357488
3.140096618357488
3.1382015691007847
3.1363088057901085
3.1363088057901085
3.134418324291742
3.132530120481928
3.13064419024684
3.1287605294825513
3.126879134095009
3.126879134095009
3.126879134095009
3.125
3.123123123123123
3.12124849939976
3.12124849939976
3.119376124775045
3.119376124775045
3.117505995203837
3.117505995203837
3.117505995203837
3.115638106650689
3.1137724550898205
3.1119090365050868
3.110047846889952
3.1081888822474597
3.106332138590203
3.1044776119402986
3.1026252983293556
3.10077519379845
3.10077519379845
3.098927294398093
3.0970815961882074
3.0952380952380953
3.093396787626413
3.093396787626413
3.0897207367795603
3.0878859857482186
3.086053412462908
3.086053412462908
3.084223013048636
3.082394783639597
3.080568720379147
3.078744819419775
3.076923076923077
2.956830277942046
3.075103489059728
3.0732860520094563
3.0714707619610158
3.0696576151121606
3.0678466076696163
3.1839622641509435
3.182086034177961
3.1783402001177166
3.176470588235294
3.1746031746031744
3.1746031746031744
3.1746031746031744
3.172737955346651
3.172737955346651
3.172737955346651
3.172737955346651
3.1708749266001175
3.227699530516432
3.225806451612903
3.2239155920281357
3.222026947861746
3.222026947861746
3.1030444964871196
2.9859484777517564
2.984201287302516
2.982456140350877
2.9807130333138514
3.09760374050263
3.0957943925233646
3.0957943925233646
3.0957943925233646
3.0957943925233646
3.0939871570344426
3.09218203033839
3.09218203033839
3.0903790087463556
3.0903790087463556
3.0885780885780885
3.0867792661619107
3.0849825378346916
3.0849825378346916
3.0831878999418265
3.0831878999418265
3.0831878999418265
3.0813953488372094
3.0813953488372094
2.9651162790697674
3.0813953488372094
3.0796048808832075
3.077816492450639
3.0760301799187464
3.074245939675174
3.074245939675174
3.072463768115942
2.954808806488992
2.954808806488992
2.9530978575564566
2.951388888888889
2.949681897050318
2.949681897050318
2.9479768786127165
2.946273830155979
2.9445727482678983
2.942873629544143
3.058280438545874
3.058280438545874
3.0565167243367934
3.054755043227666
3.052995391705069
3.051237766263673
3.051237766263673
3.049482163406214
3.049482163406214
3.0477285796434734
3.0477285796434734
3.045977011494253
3.045977011494253
3.0442274554853532
3.0424799081515497
3.0424799081515497
3.040734366035571
3.0389908256880735
3.037249283667622
3.0355097365406642
3.0355097365406642
3.033772180881511
3.0320366132723113
3.028571428571429
3.028571428571429
3.026841804683038
3.0251141552511416
3.0233884768967485
3.0216647662485747
3.01994301994302
3.01994301994302
3.0182232346241458
3.016505406943654
3.0147895335608648
3.0130756111426944
3.0113636363636362
3.0113636363636362
3.0096536059057355
3.0079455164585696
2.894438138479001
2.892796369824163
2.891156462585034
2.8895184135977336
2.8895184135977336
2.887882219705549
2.887882219705549
2.886247877758913
2.886247877758913
2.8846153846153846
2.8846153846153846
2.882984737139627
2.882984737139627
2.768361581920904
2.768361581920904
2.766798418972332
2.765237020316027
2.765237020316027
2.763677382966723
2.7621195039458852
2.7621195039458852
2.7621195039458852
2.76056338028169
2.759009009009009
2.7574563871693867
2.7574563871693867
2.8700056274620147
2.8683914510686166
2.866779089376054
2.866779089376054
2.8651685393258424
2.863559797866367
2.863559797866367
2.861952861952862
2.860347728547392
2.8587443946188342
2.8587443946188342
2.8587443946188342
2.857142857142857
2.9115341545352744
2.9099048684946838
2.9099048684946838
2.9099048684946838
2.796420581655481
2.7948574622694244
2.7948574622694244
2.793296089385475
2.793296089385475
2.7917364600781687
2.7917364600781687
2.7901785714285716
2.788622420524261
2.788622420524261
2.788622420524261
2.787068004459309
2.785515320334262
2.785515320334262
2.783964365256125
2.7824151363383414
2.7824151363383414
2.7808676307007785
2.7793218454697053
2.7793218454697053
2.7777777777777777
2.7777777777777777
2.888888888888889
2.8872848417545804
2.9966703662597114
2.995008319467554
2.995008319467554
2.995008319467554
2.995008319467554
2.9933481152993346
2.9916897506925206
2.8792912513842746
2.877697841726619
2.8761061946902653
2.8745163073521285
2.8729281767955803
2.8713418001104363
2.869757174392936
2.868174296745725
2.868174296745725
2.8665931642778393
2.8650137741046833
2.8634361233480177
2.8618602091359384
2.8602860286028604
2.8602860286028604
2.8587135788894997
2.857142857142857
2.8555738605161998
2.8540065861690453
2.8540065861690453
2.852441031267142
2.852441031267142
2.850877192982456
2.850877192982456
2.8493150684931505
2.8477546549835706
2.8461959496442253
2.8461959496442253
2.8446389496717726
2.8430836522689993
2.841530054644809
2.841530054644809
2.8399781540142
2.8384279475982535
2.8368794326241136
2.8353326063249726
2.833787465940054
2.832244008714597
2.8307022318998367
2.8291621327529923
2.8276237085372484
2.8260869565217392
2.8245518739815316
2.823018458197611
2.821486706456864
2.821486706456864
2.8199566160520604
2.8184281842818426
2.8169014084507045
2.8169014084507045
2.8153762858689766
2.8153762858689766
2.867965367965368
2.8664142779881017
2.864864864864865
2.863317125877904
2.8617710583153344
2.8617710583153344
2.8617710583153344
2.860226659471128
2.860226659471128
2.860226659471128
2.8586839266450914
2.857142857142857
2.855603448275862
2.9633620689655173
3.0172413793103448
3.0156165858912223
3.013993541442411
3.013993541442411
3.013993541442411
3.1199569661108124
3.1199569661108124
3.118279569892473
3.1166039763567976
3.1149301825993554
3.1149301825993554
3.1149301825993554
3.1149301825993554
3.1149301825993554
3.168635875402793
3.168635875402793
3.1669350509930223
3.165236051502146
3.1635388739946384
3.161843515541265
3.161843515541265
3.160149973219068
3.1584582441113493
3.1584582441113493
3.1584582441113493
3.156768325307651
3.156768325307651
3.155080213903743
3.155080213903743
3.1517094017094016
3.1517094017094016
3.1517094017094016
3.1500266951414844
3.1483457844183564
3.1466666666666665
3.1466666666666665
3.14498933901919
3.1433137986148108
3.1416400425985094
3.139968068121341
3.0335284725918044
3.0335284725918044
3.0319148936170213
3.0303030303030303
2.975557917109458
3.0801911842804035
3.0801911842804035
3.0801911842804035
3.0785562632696393
3.076923076923077
3.076923076923077
3.0752916224814424
3.073661897191309
3.0720338983050848
3.0720338983050848
3.070407623080995
3.070407623080995
3.070407623080995
3.070407623080995
3.068783068783069
3.068783068783069
3.068783068783069
3.0671602326811214
3.06553911205074
3.06391970417327
3.062302006335797
3.062302006335797
2.955145118733509
2.955145118733509
2.955145118733509
3.059071729957806
2.952029520295203
2.9504741833508956
2.9504741833508956
2.948920484465508
2.948920484465508
2.948920484465508
2.948920484465508
2.9473684210526314
2.9473684210526314
2.945817990531299
2.9442691903259726
2.9427220178665268
2.941176470588235
2.9396325459317585
2.9396325459317585
2.9380902413431267
2.9365495542737285
2.9350104821802936
2.933473022524882
2.933473022524882
2.933473022524882
2.931937172774869
2.93040293040293
2.93040293040293
2.8242677824267783
2.822791427077888
2.8213166144200628
2.8198433420365534
2.8183716075156577
2.8169014084507045
2.815432742440042
2.8139656070870247
2.8125
2.8110359187922955
2.705515088449532
2.704108164326573
2.7027027027027026
2.7012987012987013
2.7012987012987013
2.699896157840083
2.6984950700570836
2.6970954356846475
2.695697252462416
2.747537584240539
2.747537584240539
2.849740932642487
2.848265147591921
2.846790890269151
2.8453181583031557
2.8453181583031557
2.843846949327818
2.945736434108527
2.9442148760330578
2.9442148760330578
2.942694889003614
2.941176470588235
3.042805569881382
3.0412371134020617
3.0412371134020617
3.039670273055126
3.038105046343975
3.038105046343975
3.0365414307771488
3.0365414307771488
3.0349794238683128
2.9320987654320985
2.9320987654320985
2.930591259640103
2.826310380267215
2.824858757062147
2.8234086242299794
2.8234086242299794
2.8234086242299794
2.770651616213443
2.769230769230769
2.7678113787801126
2.7663934426229506
2.7649769585253456
2.7635619242579326
2.762148337595908
2.762148337595908
2.762148337595908
2.7607361963190185
2.7607361963190185
2.6571282575370465
2.6557711950970377
2.6544155181214903
2.806122448979592
2.8046914839367667
2.8046914839367667
2.803261977573904
2.803261977573904
2.90519877675841
2.9037187977585326
2.8004073319755602
2.7989821882951653
2.797558494404883
2.796136248093543
2.7947154471544713
2.7947154471544713
2.7947154471544713
2.793296089385475
2.7918781725888326
2.7904616945712837
2.789046653144016
2.789046653144016
2.787633046122656
2.7862208713272545
2.7848101265822782
2.7848101265822782
2.7848101265822782
2.783400809716599
2.783400809716599
2.783400809716599
2.783400809716599
2.783400809716599
2.783400809716599
2.783400809716599
2.783400809716599
2.7819929185634797
2.7805864509605662
2.7805864509605662
2.7791814047498735
2.7791814047498735
2.7777777777777777
2.7763755678950024
2.774974772956609
2.773575390821987
2.7721774193548385
2.770780856423174
2.769385699899295
2.7679919476597887
2.7679919476597887
2.7176648213387016
2.8183190739808754
2.8169014084507045
2.8169014084507045
2.815485168426345
2.814070351758794
2.812656956303365
2.8112449799196786
2.7094831911690918
2.708124373119358
2.706766917293233
2.7054108216432864
2.704056084126189
2.8028028028028027
2.8014007003501753
2.8014007003501753
2.8000000000000003
2.798600699650175
2.797202797202797
2.7958062905641534
2.7944111776447107
2.7944111776447107
2.7944111776447107
2.7930174563591024
2.7916251246261217
2.7902341803687096
2.788844621513944
2.7874564459930316
2.7860696517412937
2.78468423669816
2.783300198807157
2.7819175360158965
2.7819175360158965
2.780536246276067
2.780536246276067
2.7791563275434243
2.7791563275434243
2.8287841191067
2.8273809523809526
2.925136341100645
2.923686818632309
2.922238732045567
2.920792079207921
2.920792079207921
2.9193468579910937
2.917903066271019
2.917903066271019
2.917903066271019
2.91646070192783
2.91501976284585
2.9135802469135803
2.9135802469135803
2.9135802469135803
2.864197530864198
2.864197530864198
2.8627838104639687
2.7627035027133697
2.7613412228796843
2.858551010349926
2.857142857142857
2.857142857142857
2.857142857142857
2.855736090595766
2.855736090595766
2.855736090595766
2.8543307086614176
2.852926709296606
2.8515240904621435
2.8515240904621435
2.753195673549656
2.751842751842752
2.75049115913556
2.7491408934707904
2.747791952894995
2.747791952894995
2.746444335458558
2.7450980392156863
2.7437530622243997
2.7437530622243997
2.742409402546523
2.741067058247675
2.73972602739726
2.7383863080684594
2.7383863080684594
2.7383863080684594
2.7370478983382207
2.7357107962872496
2.8334147532975082
2.8334147532975082
2.83203125
2.8306490971205465
2.8306490971205465
2.829268292682927
2.829268292682927
2.8278888347147735
2.8278888347147735
2.8766455387615797
2.875243664717349
2.8738431563565516
2.872444011684518
2.8710462287104623
2.869649805447471
2.8682547399124942
2.866861030126336
2.8654686741136475
2.8640776699029127
2.8626880155264436
2.8612997090203685
2.8612997090203685
2.8612997090203685
2.859912748424624
2.8585271317829455
2.857142857142857
2.857142857142857
2.857142857142857
2.8557599225556634
2.8543783260764393
2.852998065764023
2.8516191396810053
2.8502415458937196
2.848865282472236
2.8474903474903472
2.844744455159113
2.8433734939759034
2.842003853564547
2.842003853564547
2.842003853564547
2.74434280211844
2.743022136669875
2.7417027417027415
2.7417027417027415
2.7403846153846154
2.7390677558865932
2.7377521613832854
2.7364378300528083
2.735124760076775
2.735124760076775
2.7338129496402876
2.732502396931927
2.731193100143747
2.7298850574712645
2.7285782671134515
2.727272727272727
2.727272727272727
2.6303204208512674
2.7246653919694075
2.7246653919694075
2.7233635929288105
2.722063037249284
2.720763723150358
2.719465648854962
2.719465648854962
2.7181688125894135
2.7168732125834127
2.7155788470700335
2.7155788470700335
2.7142857142857144
2.7129938124702524
2.7117031398667937
2.710413694721826
2.709125475285171
2.7078384798099764
2.7065527065527064
2.705268153773137
2.7039848197343455
2.7027027027027026
2.7014218009478674
2.748815165876777
2.748815165876777
2.747513027001421
2.747513027001421
2.746212121212121
2.746212121212121
2.744912446758164
2.744912446758164
2.7436140018921478
2.7436140018921478
2.7423167848699763
2.7423167848699763
2.835538752362949
2.834199338686821
2.8328611898017
2.8315243039169418
2.878716375648891
2.8773584905660377
2.876001885902876
2.876001885902876
2.874646559849199
2.87329251059821
2.871939736346516
2.871939736346516
2.8705882352941177
2.8692380056444025
2.8678890456041373
2.8665413533834583
2.8651949271958665
2.863849765258216
2.8625058657907085
2.861163227016885
2.861163227016885
2.861163227016885
2.8598218471636194
2.8598218471636194
2.858481724461106
2.857142857142857
2.857142857142857
2.857142857142857
2.857142857142857
2.855805243445693
2.8544688816097334
2.8544688816097334
2.853133769878391
2.853133769878391
2.853133769878391
2.7595884003741813
2.7582982702197287
2.7570093457943927
2.7557216254086874
2.754435107376284
2.754435107376284
2.754435107376284
2.753149790013999
2.751865671641791
2.7505827505827507
2.749301025163094
2.7480204937121564
2.7467411545623834
2.7467411545623834
2.7454630060493255
2.744186046511628
2.744186046511628
2.6511627906976742
2.7429102742910274
2.7416356877323422
2.8345724907063197
2.8345724907063197
2.8345724907063197
2.833255921969345
2.8319405756731664
2.8306264501160094
2.8306264501160094
2.8306264501160094
2.829313543599258
2.829313543599258
2.8280018544274457
2.8266913809082483
2.8266913809082483
2.825382121352478
2.825382121352478
2.825382121352478
2.824074074074074
2.822767237390097
2.8214616096207217
2.820157189089228
2.8188539741219962
2.8188539741219962
2.817551963048499
2.816251154201293
2.816251154201293
2.814951545916013
2.8136531365313653
2.8123559243891196
2.71889400921659
2.7176416397973284
2.716390423572744
2.716390423572744
2.7151403589507592
2.6231017027151404
2.7151403589507592
2.7138914443422264
2.7126436781609193
2.7113970588235294
2.7113970588235294
2.7101515847496556
2.7089072543617996
2.800734618916437
2.799449288664525
2.799449288664525
2.799449288664525
2.799449288664525
2.799449288664525
2.798165137614679
2.796882164144888
2.7956003666361138
2.7943197434722857
2.7930402930402933
2.7917620137299775
2.7917620137299775
2.790484903934126
2.880658436213992
2.8349336991312297
2.880658436213992
2.8793418647166362
2.8780264961169486
2.8767123287671232
2.8753993610223643
2.874087591240876
2.874087591240876
2.8727770177838576
2.871467639015497
2.8701594533029615
2.8688524590163933
2.867546654528903
2.913063268092854
2.9117379435850776
2.910413824465666
2.909090909090909
2.9077691958200815
2.9077691958200815
2.9064486830154403
2.905129369042215
2.905129369042215
2.9038112522686026
2.9038112522686026
2.9024943310657596
2.9024943310657596
2.901178603807797
2.946509519492294
2.9451744449478934
2.943840579710145
2.943840579710145
2.942507922136713
2.942507922136713
2.941176470588235
2.939846223428313
3.0303030303030303
3.0289330922242312
3.027564392227745
3.026196928635953
3.0248306997742667
3.023465703971119
3.0221019395579614
3.0221019395579614
3.0207394048692517
3.0207394048692517
3.0193780982424516
3.0180180180180183
3.0180180180180183
3.0166591625393964
2.9716343989194054
2.9702970297029703
2.9702970297029703
2.968960863697706
3.0575539568345325
3.0561797752808992
3.0561797752808992
3.054806828391734
3.054806828391734
3.009883198562444
3.009883198562444
3.009883198562444
3.0085316569375844
3.0085316569375844
3.007181328545781
3.007181328545781
3.00583221175415
3.004484304932735
3.004484304932735
3.003137606454505
3.0017921146953404
3.0017921146953404
3.000447828034035
2.999104744852283
2.9082774049217
2.996422182468694
2.9950827000447027
2.9950827000447027
2.993744414655943
2.992407324698526
2.992407324698526
2.991071428571429
2.989736724676484
