6.956521739130435
6.896551724137931
6.837606837606838
6.779661016949152
6.666666666666667
6.6115702479338845
4.918032786885246
6.504065040650407
5.64516129032258
4.8
4.761904761904762
4.724409448818897
4.6875
4.651162790697675
4.615384615384616
4.615384615384616
4.580152671755725
4.545454545454546
4.545454545454546
4.511278195488721
4.444444444444445
5.147058823529411
5.109489051094891
5.109489051094891
4.37956204379562
4.316546762589928
4.285714285714286
3.546099290780142
2.8169014084507045
2.7777777777777777
2.7586206896551726
2.73972602739726
2.7210884353741496
2.7027027027027026
2.684563758389262
2.666666666666667
2.6490066225165565
2.631578947368421
2.5974025974025974
2.5806451612903225
2.564102564102564
2.547770700636943
2.547770700636943
3.1645569620253164
3.125
3.125
3.1055900621118013
4.3478260869565215
4.938271604938271
5.555555555555555
6.172839506172839
6.172839506172839
6.134969325153374
5.487804878048781
4.878048780487805
6.0606060606060606
6.024096385542169
4.790419161676647
4.761904761904762
5.9171597633136095
5.847953216374268
5.813953488372093
5.747126436781609
5.714285714285714
4.545454545454546
4.545454545454546
4.519774011299435
4.49438202247191
4.4692737430167595
4.444444444444445
4.444444444444445
4.41988950276243
3.867403314917127
3.8461538461538463
3.825136612021858
3.804347826086957
3.783783783783784
3.763440860215054
3.7433155080213902
3.723404255319149
3.7037037037037033
3.684210526315789
3.664921465968586
3.6458333333333335
3.6269430051813467
3.0927835051546393
3.0927835051546393
4.102564102564102
3.571428571428571
3.0456852791878175
3.535353535353535
3.015075376884422
4.0
3.9800995024875623
2.9850746268656714
1.9900497512437811
1.4925373134328357
1.9801980198019802
1.9704433497536946
1.9607843137254901
1.951219512195122
1.9417475728155338
2.4154589371980677
1.4492753623188406
1.9230769230769231
1.9138755980861244
1.9047619047619049
1.8957345971563981
2.3696682464454977
2.358490566037736
3.30188679245283
3.286384976525822
3.2710280373831773
3.255813953488372
3.255813953488372
3.255813953488372
3.2407407407407405
3.225806451612903
3.211009174311927
3.1963470319634704
3.1818181818181817
3.1818181818181817
3.1818181818181817
3.167420814479638
3.167420814479638
3.153153153153153
3.1390134529147984
3.587443946188341
3.587443946188341
3.587443946188341
3.125
3.111111111111111
3.0973451327433628
3.524229074889868
3.508771929824561
2.6200873362445414
2.6200873362445414
2.608695652173913
2.608695652173913
3.0303030303030303
3.004291845493562
2.9914529914529915
2.9787234042553195
2.9661016949152543
2.9661016949152543
2.9535864978902953
2.5210084033613445
2.510460251046025
2.510460251046025
2.5
2.4896265560165975
2.4896265560165975
2.479338842975207
2.4691358024691357
2.880658436213992
2.8688524590163933
2.4489795918367347
2.4390243902439024
2.42914979757085
2.4193548387096775
2.82258064516129
2.8112449799196786
2.8000000000000003
2.8000000000000003
2.788844621513944
2.788844621513944
2.7777777777777777
2.766798418972332
2.7559055118110236
2.7450980392156863
3.515625
3.501945525291829
3.488372093023256
4.247104247104247
4.247104247104247
4.633204633204633
3.8461538461538463
3.8314176245210727
4.597701149425287
4.597701149425287
4.597701149425287
4.597701149425287
4.580152671755725
4.562737642585551
4.545454545454546
4.528301886792453
4.511278195488721
4.49438202247191
4.850746268656716
5.204460966542751
5.185185185185185
5.185185185185185
5.166051660516605
5.147058823529411
4.761904761904762
4.761904761904762
4.744525547445255
4.7272727272727275
4.710144927536232
4.693140794223827
4.676258992805756
4.659498207885305
4.659498207885305
4.659498207885305
4.642857142857143
4.6263345195729535
4.609929078014184
4.609929078014184
4.593639575971731
4.577464788732395
4.912280701754386
4.895104895104895
4.878048780487805
4.861111111111112
4.844290657439446
4.827586206896552
4.810996563573884
4.794520547945205
4.778156996587031
4.761904761904762
4.081632653061225
4.081632653061225
4.761904761904762
4.745762711864407
4.745762711864407
4.72972972972973
4.713804713804714
4.697986577181208
4.682274247491638
4.666666666666667
4.666666666666667
4.333333333333334
4.318936877076411
4.318936877076411
4.304635761589404
4.29042904290429
4.276315789473684
4.605263157894736
4.590163934426229
4.57516339869281
4.5602605863192185
4.545454545454546
4.545454545454546
4.53074433656958
4.516129032258064
4.501607717041801
4.501607717041801
4.487179487179487
5.128205128205128
5.111821086261981
5.111821086261981
4.472843450479233
5.095541401273886
5.079365079365079
5.063291139240507
5.047318611987381
5.660377358490567
5.6426332288401255
5.6426332288401255
5.625
5.607476635514018
5.590062111801243
5.263157894736842
5.246913580246913
5.230769230769231
4.601226993865031
4.281345565749235
3.9634146341463414
3.9634146341463414
3.951367781155015
3.939393939393939
3.927492447129909
4.531722054380665
4.819277108433735
4.216867469879518
4.2042042042042045
4.191616766467066
4.179104477611941
4.166666666666666
4.747774480712167
4.733727810650888
5.014749262536873
4.705882352941177
4.69208211143695
4.678362573099415
4.081632653061225
4.651162790697675
4.63768115942029
4.057971014492753
4.624277456647398
4.610951008645533
4.597701149425287
4.584527220630372
5.157593123209169
5.142857142857142
5.128205128205128
4.829545454545454
4.829545454545454
5.099150141643059
5.099150141643059
5.6657223796034
5.649717514124294
5.633802816901409
5.617977528089887
5.617977528089887
5.042016806722689
4.481792717086835
4.481792717086835
4.189944134078212
4.178272980501393
4.178272980501393
4.166666666666666
4.722222222222222
4.7091412742382275
4.696132596685083
4.683195592286501
4.958677685950414
4.945054945054945
4.931506849315069
4.918032786885246
4.644808743169399
4.644808743169399
4.632152588555858
4.632152588555858
4.904632152588556
4.891304347826087
4.878048780487805
5.420054200542006
5.405405405405405
5.3908355795148255
5.376344086021505
5.376344086021505
5.361930294906166
5.347593582887701
5.6000000000000005
5.585106382978723
5.570291777188329
5.555555555555555
5.555555555555555
5.540897097625329
5.526315789473684
5.511811023622047
6.020942408376963
6.527415143603134
5.989583333333334
5.989583333333334
6.510416666666667
6.493506493506493
6.476683937823833
5.958549222797927
5.943152454780361
5.943152454780361
5.927835051546391
5.912596401028278
5.897435897435897
6.3938618925831205
6.905370843989769
6.377551020408164
6.361323155216285
6.361323155216285
6.345177664974619
6.329113924050633
6.329113924050633
6.313131313131313
6.54911838790932
6.532663316582915
6.281407035175879
6.265664160401002
6.25
6.234413965087282
6.218905472636816
6.20347394540943
6.20347394540943
6.20347394540943
6.188118811881188
6.172839506172839
6.157635467980295
6.157635467980295
6.157635467980295
6.142506142506143
6.127450980392156
6.112469437652812
6.112469437652812
6.112469437652812
6.341463414634147
6.585365853658537
6.569343065693431
6.326034063260341
6.796116504854369
6.2953995157385
6.280193236714976
6.265060240963856
6.25
6.25
6.235011990407674
6.235011990407674
6.235011990407674
6.220095693779904
6.205250596658711
6.190476190476191
6.175771971496437
5.938242280285035
5.924170616113744
5.924170616113744
5.91016548463357
5.89622641509434
5.88235294117647
6.103286384976526
6.0889929742388755
6.0889929742388755
6.074766355140187
6.0606060606060606
6.046511627906977
6.046511627906977
6.0324825986078885
6.25
6.235565819861432
6.221198156682028
6.206896551724138
5.73394495412844
5.949656750572083
5.949656750572083
5.93607305936073
6.164383561643835
6.150341685649203
6.136363636363637
6.575963718820861
6.787330316742081
6.320541760722348
6.306306306306306
6.081081081081082
6.067415730337078
6.053811659192825
6.278026905829597
6.278026905829597
6.263982102908278
6.263982102908278
6.25
6.23608017817372
6.0
5.986696230598669
5.9734513274336285
5.960264900662252
5.947136563876652
5.934065934065933
5.934065934065933
5.921052631578947
5.908096280087528
5.895196506550218
5.88235294117647
5.869565217391305
5.869565217391305
5.6521739130434785
5.639913232104121
5.856832971800434
6.0606060606060606
6.047516198704104
6.0344827586206895
6.021505376344086
6.008583690987124
5.995717344753747
5.982905982905983
5.970149253731343
5.957446808510639
5.9447983014862
5.932203389830509
5.9196617336152215
5.9071729957805905
5.473684210526316
5.46218487394958
5.450733752620545
5.439330543933055
5.439330543933055
5.439330543933055
5.845511482254697
5.833333333333333
6.029106029106029
6.016597510373444
6.004140786749482
5.991735537190083
5.979381443298969
5.967078189300412
5.95482546201232
5.95482546201232
5.942622950819672
5.930470347648262
5.510204081632653
5.091649694501019
5.091649694501019
4.887983706720977
4.887983706720977
4.878048780487805
5.273833671399594
5.263157894736842
5.252525252525253
5.241935483870968
5.241935483870968
5.23138832997988
5.220883534136546
5.210420841683367
5.210420841683367
5.210420841683367
5.2
5.2
5.189620758483033
5.189620758483033
4.9800796812749
5.168986083499006
5.158730158730158
5.544554455445545
5.533596837944664
5.522682445759369
5.719921104536489
5.31496062992126
5.304518664047151
5.686274509803922
5.490196078431373
5.47945205479452
5.46875
5.458089668615984
5.447470817120623
5.436893203883495
5.426356589147287
5.415860735009671
5.609284332688588
5.984555984555985
5.780346820809249
5.769230769230769
5.758157389635317
5.566218809980806
5.555555555555555
5.555555555555555
5.544933078393881
5.736137667304015
5.736137667304015
5.343511450381679
5.333333333333334
5.323193916349809
5.323193916349809
5.323193916349809
5.313092979127135
5.303030303030303
5.293005671077505
5.293005671077505
5.283018867924529
4.8964218455743875
4.887218045112782
5.253283302063791
5.2434456928838955
5.2434456928838955
5.233644859813085
5.223880597014925
5.21415270018622
5.027932960893855
5.027932960893855
4.655493482309125
4.646840148698884
4.638218923933209
4.638218923933209
4.814814814814815
5.175600739371535
5.166051660516605
5.156537753222836
5.514705882352941
5.330882352941177
5.321100917431193
5.311355311355311
5.301645338208409
5.301645338208409
5.291970802919708
5.109489051094891
5.291970802919708
5.46448087431694
5.454545454545454
5.44464609800363
5.626134301270418
5.615942028985507
5.424954792043399
5.415162454873646
5.405405405405405
5.405405405405405
5.39568345323741
5.385996409335727
5.376344086021505
5.545617173524151
5.178571428571429
4.81283422459893
4.634581105169341
4.6263345195729535
4.618117229129663
4.609929078014184
4.609929078014184
4.601769911504425
4.593639575971731
4.761904761904762
5.114638447971781
5.114638447971781
5.28169014084507
5.105633802816902
5.28169014084507
5.272407732864675
5.272407732864675
5.614035087719298
5.604203152364273
5.604203152364273
5.594405594405594
5.769230769230769
5.5846422338568935
5.5846422338568935
5.7591623036649215
6.108202443280978
6.097560975609756
6.434782608695652
6.423611111111111
6.065857885615252
5.709342560553633
5.699481865284974
5.689655172413794
5.679862306368331
5.498281786941581
5.145797598627787
5.145797598627787
5.145797598627787
5.145797598627787
5.136986301369863
5.47008547008547
5.631399317406143
5.621805792163544
5.272108843537415
5.263157894736842
5.2542372881355925
5.245346869712352
5.245346869712352
5.574324324324325
5.564924114671164
5.564924114671164
5.555555555555555
5.723905723905724
5.546218487394958
5.5369127516778525
5.527638190954774
5.527638190954774
5.518394648829431
5.852842809364549
5.843071786310518
5.843071786310518
5.676126878130217
5.676126878130217
5.843071786310518
6.0
5.657237936772046
5.990016638935108
5.980066445182724
6.301824212271974
6.291390728476822
6.2809917355371905
6.2809917355371905
6.270627062706271
6.260296540362438
6.25
6.25
6.239737274220033
6.229508196721312
6.219312602291326
6.219312602291326
5.88235294117647
6.199021207177815
6.188925081433225
5.863192182410423
5.853658536585367
5.844155844155844
5.834683954619125
5.825242718446602
5.815831987075929
5.806451612903226
6.129032258064516
6.129032258064516
6.129032258064516
6.119162640901772
6.119162640901772
5.797101449275362
5.787781350482315
5.778491171749598
5.769230769230769
5.76
5.7507987220447285
5.741626794258373
5.7324840764331215
5.723370429252783
5.714285714285714
5.705229793977813
6.012658227848101
6.012658227848101
6.003159557661927
5.993690851735016
5.984251968503937
5.9748427672955975
5.965463108320251
5.956112852664576
5.956112852664576
5.94679186228482
5.9375
5.928237129485179
5.919003115264798
5.909797822706065
5.909797822706065
5.900621118012422
5.891472868217054
5.891472868217054
5.88235294117647
5.873261205564142
5.873261205564142
5.864197530864197
5.855161787365177
5.846153846153846
5.837173579109063
5.828220858895705
5.819295558958652
5.81039755351682
5.5045871559633035
5.81039755351682
5.801526717557252
5.7926829268292686
5.78386605783866
5.775075987841945
5.7663125948406675
6.0698027314112295
5.909090909090909
5.900151285930408
5.8912386706948645
5.88235294117647
5.88235294117647
5.873493975903615
5.864661654135339
5.8558558558558556
5.8558558558558556
5.555555555555555
5.547226386806597
5.538922155688622
5.538922155688622
5.5306427503736915
5.5306427503736915
5.5306427503736915
5.522388059701493
5.514157973174367
5.514157973174367
5.514157973174367
5.5059523809523805
5.49777117384844
5.49777117384844
5.489614243323442
5.481481481481482
5.473372781065089
5.473372781065089
5.465288035450517
5.162241887905605
5.44918998527246
5.4411764705882355
5.4331864904552125
5.425219941348973
5.425219941348973
5.417276720351391
5.409356725146199
5.401459854014599
5.393586005830904
5.531295487627365
5.523255813953488
5.515239477503629
5.515239477503629
5.515239477503629
5.507246376811594
5.507246376811594
5.499276410998553
5.491329479768786
5.194805194805195
5.483405483405483
5.475504322766571
5.467625899280575
5.467625899280575
5.467625899280575
5.459770114942529
5.4519368723099
5.164992826398852
5.157593123209169
5.157593123209169
5.150214592274678
5.142857142857142
5.1355206847360915
5.128205128205128
5.120910384068279
5.113636363636364
5.106382978723404
5.106382978723404
5.099150141643059
5.091937765205092
5.367231638418079
5.359661495063469
5.352112676056338
5.344585091420535
5.337078651685393
5.329593267882188
5.602240896358544
5.594405594405594
5.58659217877095
5.578800557880056
5.571030640668524
5.571030640668524
5.563282336578582
5.555555555555555
5.547850208044383
5.825242718446602
5.8171745152354575
5.809128630705394
5.801104972375691
5.793103448275862
5.785123966942149
5.777166437414031
5.769230769230769
5.769230769230769
5.761316872427984
5.7534246575342465
5.7534246575342465
5.745554035567715
5.737704918032787
5.737704918032787
5.729877216916781
5.722070844686648
5.722070844686648
5.714285714285714
5.706521739130435
5.706521739130435
5.698778833107191
5.698778833107191
5.691056910569105
5.420054200542006
5.683355886332882
5.675675675675676
5.668016194331984
5.660377358490567
5.660377358490567
5.660377358490567
5.525606469002695
5.795148247978436
5.787348586810229
5.779569892473118
5.771812080536913
5.7640750670241285
5.495978552278821
5.495978552278821
5.4886211512717535
5.481283422459892
5.473965287049399
5.466666666666667
5.459387483355526
5.459387483355526
5.459387483355526
5.452127659574469
5.452127659574469
5.444887118193891
5.437665782493369
5.437665782493369
5.430463576158941
5.423280423280423
5.423280423280423
5.416116248348745
5.284015852047556
5.284015852047556
5.277044854881266
5.006587615283268
5.0
4.993429697766097
4.986876640419948
4.986876640419948
4.980340760157274
4.973821989528796
4.967320261437909
4.967320261437909
4.960835509138381
4.954367666232073
4.947916666666666
4.9414824447334205
5.071521456436931
5.0649350649350655
5.058365758754864
5.051813471502591
5.045278137128072
4.7803617571059425
4.774193548387097
4.774193548387097
4.768041237113402
4.510309278350515
4.510309278350515
4.510309278350515
4.504504504504505
4.755784061696658
5.006418485237484
4.743589743589744
4.737516005121639
4.731457800511509
4.980842911877394
4.974489795918367
4.974489795918367
4.968152866242039
4.840764331210192
4.8346055979643765
4.8284625158831
4.8284625158831
4.822335025380711
4.816223067173637
4.810126582278481
4.804045512010114
4.551201011378002
4.545454545454546
4.539722572509458
4.534005037783375
4.528301886792453
4.396984924623116
4.396984924623116
4.396984924623116
4.391468005018821
4.385964912280701
4.380475594493117
4.375
4.119850187265917
4.369538077403246
4.613466334164588
4.60772104607721
4.601990049751244
4.596273291925466
4.590570719602978
4.584882280049566
4.3316831683168315
4.3316831683168315
4.326328800988875
4.320987654320987
4.315659679408138
4.069050554870531
4.064039408866995
4.064039408866995
4.059040590405904
4.054054054054054
4.049079754601228
4.28921568627451
4.28921568627451
4.283965728274174
4.278728606356968
4.52322738386308
4.761904761904762
4.512195121951219
4.506699147381242
4.5012165450121655
4.495747266099635
4.490291262135923
4.484848484848484
4.484848484848484
4.479418886198547
4.474002418379685
4.4685990338164245
4.463208685162847
4.457831325301205
4.452466907340553
4.57280385078219
4.567307692307692
4.561824729891957
4.556354916067146
4.556354916067146
4.556354916067146
4.311377245508982
4.191616766467066
4.186602870813397
4.301075268817205
4.295942720763723
4.534606205250596
4.529201430274136
4.529201430274136
4.523809523809524
4.637336504161712
4.637336504161712
4.631828978622328
4.631828978622328
4.6263345195729535
4.62085308056872
4.615384615384616
4.615384615384616
4.846335697399527
4.846335697399527
4.8406139315230226
4.834905660377359
4.834905660377359
4.829210836277975
4.823529411764706
4.705882352941177
4.700352526439483
4.694835680751173
4.6893317702227435
4.683840749414521
4.683840749414521
4.7953216374269
4.789719626168224
4.784130688448075
4.778554778554779
4.772991850989523
4.767441860465117
4.761904761904762
4.756380510440835
4.750869061413673
4.74537037037037
4.7398843930635834
4.734411085450346
4.728950403690888
4.723502304147465
4.9482163406214035
4.942528735632184
4.936854190585533
4.931192660550459
4.925544100801833
4.919908466819222
4.914285714285714
4.680365296803653
4.903078677309008
4.89749430523918
4.891922639362913
4.886363636363637
4.880817253121453
4.875283446712018
4.8697621744054365
4.983012457531144
5.203619909502263
5.203619909502263
5.19774011299435
5.191873589164786
5.186020293122886
5.18018018018018
4.949381327334083
4.719101123595506
4.713804713804714
4.601571268237935
4.601571268237935
4.596412556053812
4.591265397536394
4.586129753914989
4.586129753914989
4.581005586592179
4.352678571428571
4.352678571428571
4.124860646599777
4.342984409799555
4.338153503893214
4.333333333333334
4.333333333333334
4.333333333333334
4.328523862375139
4.328523862375139
4.328523862375139
4.323725055432372
4.318936877076411
4.318936877076411
4.318936877076411
4.318936877076411
4.314159292035398
4.30939226519337
4.083885209713024
4.0793825799338475
4.0793825799338475
4.074889867841409
4.295154185022026
4.295154185022026
4.29042904290429
4.29042904290429
4.29042904290429
4.5054945054945055
4.500548847420418
4.500548847420418
4.495614035087719
4.271631982475356
4.490690032858708
4.485776805251642
4.480874316939891
4.475982532751091
4.471101417666303
4.466230936819173
4.466230936819173
4.466230936819173
4.684095860566448
4.6789989118607185
4.673913043478261
4.668838219326819
4.668838219326819
4.663774403470716
4.658721560130011
4.653679653679654
4.648648648648648
4.643628509719223
4.859611231101512
4.854368932038835
4.849137931034483
4.843918191603875
4.843918191603875
5.053763440860215
5.053763440860215
5.048335123523094
5.042918454935622
5.037513397642015
4.817987152034261
4.81283422459893
4.81283422459893
4.81283422459893
4.700854700854701
4.700854700854701
4.8025613660619
4.8025613660619
4.797441364605544
4.792332268370607
4.792332268370607
4.792332268370607
4.787234042553192
4.787234042553192
4.787234042553192
4.782146652497343
4.777070063694268
4.777070063694268
4.7720042417815485
4.7720042417815485
4.766949152542373
4.766949152542373
4.761904761904762
4.7518479408658925
4.641350210970464
4.641350210970464
4.636459430979979
4.636459430979979
4.636459430979979
4.631578947368421
4.631578947368421
4.6267087276550996
4.621848739495799
4.616998950682056
4.612159329140461
4.607329842931937
4.602510460251046
4.597701149425287
4.592901878914405
4.37956204379562
4.583333333333333
4.583333333333333
4.578563995837669
4.365904365904366
4.361370716510903
4.356846473029045
4.356846473029045
4.352331606217617
4.140786749482402
4.1365046535677354
4.1365046535677354
4.12796697626419
4.123711340206185
4.11946446961895
4.11946446961895
4.11522633744856
4.110996916752312
4.1067761806981515
4.102564102564102
4.30327868852459
4.298874104401229
4.294478527607362
4.290091930541369
4.285714285714286
4.081632653061225
4.081632653061225
4.281345565749235
4.276985743380855
4.27263479145473
4.0650406504065035
4.2682926829268295
4.2682926829268295
4.263959390862944
4.263959390862944
4.259634888438134
4.259634888438134
4.25531914893617
4.251012145748987
4.246713852376137
4.246713852376137
4.242424242424243
4.238143289606458
4.233870967741935
4.233870967741935
4.229607250755287
4.426559356136821
4.426559356136821
4.426559356136821
4.426559356136821
4.42211055276382
4.417670682730924
4.417670682730924
4.618473895582329
4.618473895582329
4.618473895582329
4.618473895582329
4.613841524573721
4.509018036072145
4.509018036072145
4.509018036072145
4.504504504504505
4.504504504504505
4.5
4.495504495504496
4.491017964071856
4.491017964071856
4.48654037886341
4.482071713147411
4.477611940298507
4.473161033797217
4.468718967229394
4.464285714285714
4.4598612487611495
4.4598612487611495
4.4598612487611495
4.257425742574258
4.253214638971316
4.24901185770751
4.24901185770751
4.244817374136229
4.240631163708087
4.236453201970444
4.236453201970444
4.23228346456693
4.2281219272369714
4.223968565815324
4.223968565815324
4.223968565815324
4.223968565815324
4.2198233562316
4.2198233562316
4.215686274509804
4.211557296767874
4.211557296767874
4.207436399217221
4.203323558162268
4.203323558162268
4.19921875
4.195121951219512
4.195121951219512
4.1910331384015596
4.28849902534113
4.284323271665044
4.280155642023346
4.275996112730807
4.271844660194175
4.267701260911736
4.267701260911736
4.267701260911736
4.263565891472868
4.263565891472868
4.259438528557599
4.25531914893617
4.251207729468599
4.440154440154441
4.435872709739633
4.431599229287091
4.427333974975938
4.427333974975938
4.427333974975938
4.427333974975938
4.427333974975938
4.423076923076923
4.423076923076923
4.423076923076923
4.418828049951969
4.414587332053743
4.414587332053743
4.410354745925216
4.410354745925216
4.406130268199234
4.21455938697318
4.2105263157894735
4.2105263157894735
4.2065009560229445
4.011461318051576
4.007633587786259
4.003813155386082
4.0
3.9961941008563278
3.9923954372623576
3.9886039886039883
3.9886039886039883
4.174573055028463
4.170616113744076
4.166666666666666
4.356060606060606
4.356060606060606
4.356060606060606
4.351939451277199
4.351939451277199
4.3478260869565215
4.343720491029273
4.339622641509433
4.339622641509433
4.335532516493874
4.147031102733271
4.3314500941619585
4.327375352775165
4.323308270676692
4.31924882629108
4.315196998123827
4.311152764761013
4.307116104868914
4.303086997193639
4.299065420560748
4.299065420560748
4.299065420560748
4.299065420560748
4.112149532710281
4.1083099906629315
4.104477611940299
4.104477611940299
4.100652376514446
4.0968342644320295
4.093023255813953
4.089219330855019
4.089219330855019
4.085422469823584
4.081632653061225
4.077849860982391
4.074074074074074
4.070305272895467
4.066543438077634
4.066543438077634
4.062788550323177
4.059040590405904
4.055299539170507
4.051565377532229
4.051565377532229
4.04783808647654
4.044117647058823
4.044117647058823
4.044117647058823
4.044117647058823
4.040404040404041
4.036697247706423
4.036697247706423
4.032997250229148
4.032997250229148
4.032997250229148
4.029304029304029
4.025617566331198
4.021937842778794
4.018264840182648
4.014598540145985
4.010938924339107
4.007285974499089
4.003639672429482
4.003639672429482
4.0
3.9963669391462306
3.9927404718693285
3.9891205802357206
3.985507246376811
3.9819004524886874
3.9819004524886874
3.9783001808318263
3.9783001808318263
3.9747064137308037
3.9711191335740073
3.967538322813345
3.963963963963964
4.14041404140414
4.136690647482014
4.136690647482014
4.132973944294699
4.132973944294699
4.129263913824058
4.125560538116592
4.125560538116592
4.121863799283155
4.121863799283155
4.118173679498657
4.114490161001789
4.110813226094727
4.110813226094727
4.110813226094727
4.107142857142857
4.1034790365744875
4.09982174688057
4.096170970614425
4.092526690391459
4.0888888888888895
4.085257548845471
4.081632653061225
4.078014184397164
4.0744021257750225
4.070796460176991
4.067197170645446
4.067197170645446
4.063604240282685
3.8834951456310676
4.060017652250663
4.056437389770723
4.056437389770723
4.052863436123348
4.049295774647888
4.0457343887423045
4.0457343887423045
4.042179261862917
4.038630377524144
4.035087719298246
4.031551270815075
4.028021015761821
4.024496937882764
4.020979020979021
4.017467248908297
4.013961605584642
4.0104620749782045
4.006968641114982
4.003481288076589
4.0
3.826086956521739
3.8227628149435278
3.8194444444444446
3.6458333333333335
3.6426712922810056
3.8161318300086733
3.8128249566724435
3.8095238095238098
3.8062283737024223
3.8029386343993083
3.7996545768566494
3.62381363244176
3.620689655172414
3.706896551724138
3.7037037037037033
3.7005163511187606
3.611349957007739
3.436426116838488
3.350515463917526
3.178694158075601
3.1759656652360517
3.173241852487135
3.3419023136246784
3.339041095890411
3.3361847733105217
3.3333333333333335
3.330486763450043
3.3276450511945397
3.4982935153583616
3.495311167945439
3.492333901192504
3.492333901192504
3.4893617021276593
3.486394557823129
3.486394557823129
3.4834324553950724
3.480475382003396
3.480475382003396
3.477523324851569
3.4745762711864407
3.4716342082980525
3.4686971235194584
3.4657650042265424
3.4628378378378377
3.459915611814346
3.459915611814346
3.456998313659359
3.456998313659359
3.454085930918281
3.61952861952862
3.616484440706476
3.616484440706476
3.4453781512605044
3.4424853064651555
3.4395973154362416
3.4367141659681475
3.433835845896147
3.433835845896147
3.430962343096234
3.4280936454849495
3.4252297410192147
3.4252297410192147
3.5923141186299077
3.589315525876461
3.589315525876461
3.586321934945788
3.5833333333333335
3.5803497085761866
3.577371048252912
3.5743973399833746
3.571428571428571
3.568464730290456
3.565505804311774
3.645401822700911
3.642384105960265
3.642384105960265
3.6393713813068653
3.6363636363636362
3.633360858794385
3.4682080924855487
3.4653465346534658
3.4653465346534658
3.4624896949711457
3.459637561779242
3.459637561779242
3.459637561779242
3.459637561779242
3.3772652388797364
3.374485596707819
3.3717105263157894
3.3689400164338537
3.533278553820871
3.5303776683087027
3.3661740558292284
3.3661740558292284
3.3661740558292284
3.3661740558292284
3.3634126333059884
3.5274815422477444
3.524590163934426
3.5217035217035217
3.5217035217035217
3.518821603927987
3.515944399018806
3.5130718954248366
3.510204081632653
3.507340946166395
3.588907014681892
3.585982070089649
3.5830618892508146
3.580146460537022
3.577235772357724
3.5743298131600327
3.571428571428571
3.571428571428571
3.7307380373073804
3.727714748784441
3.724696356275304
3.7216828478964405
3.7186742118027487
3.715670436187399
3.7126715092816784
3.7126715092816784
3.7096774193548385
3.7066881547139405
3.700724054706356
3.778135048231511
3.775100401606426
3.77207062600321
3.769045709703288
3.766025641025641
3.766025641025641
3.7630104083266613
3.7600000000000002
3.597122302158273
3.5942492012779557
3.5913806863527533
3.4317637669592975
3.4290271132376398
3.266932270916335
3.2643312101910826
3.2643312101910826
3.261734287987271
3.259141494435612
3.3359809372517866
3.3359809372517866
3.494837172359015
3.653693407466243
3.650793650793651
3.6478984932593184
3.724247226624406
3.724247226624406
3.8034865293185423
3.8034865293185423
3.8034865293185423
3.800475059382423
3.800475059382423
3.79746835443038
3.79746835443038
3.7944664031620556
3.7944664031620556
3.7914691943127963
3.7884767166535127
3.7884767166535127
3.627760252365931
3.627760252365931
3.627760252365931
3.627760252365931
3.6249014972419227
3.7007874015748032
3.543307086614173
3.543307086614173
3.543307086614173
3.540519276160504
3.5377358490566038
3.6920659858601725
3.6891679748822606
3.686274509803922
3.686274509803922
3.683385579937304
3.6021926389976504
3.599374021909233
3.599374021909233
3.596559812353401
3.674745895230649
3.671875
3.669008587041374
3.6632891660171474
3.6604361370716507
3.501945525291829
3.501945525291829
3.654743390357698
3.654743390357698
3.651903651903652
3.651903651903652
3.6490683229813663
3.6462373933281613
3.6462373933281613
3.643410852713178
3.7955073586367156
3.7955073586367156
3.7925696594427247
3.7925696594427247
3.7925696594427247
3.789636504253674
3.789636504253674
3.786707882534776
3.783783783783784
3.935185185185185
3.932151117964534
3.9291217257318953
3.9260969976905313
3.923076923076923
3.923076923076923
3.920061491160646
3.9170506912442393
4.067536454336147
3.9110429447852764
3.9080459770114944
3.7519142419601836
3.7490436113236423
3.746177370030581
3.7433155080213902
3.740458015267176
3.7376048817696415
3.5823170731707314
3.57958872810358
3.57958872810358
3.57958872810358
3.576864535768645
3.574144486692015
3.571428571428571
3.568716780561883
3.492786636294609
3.492786636294609
3.490136570561457
3.4874905231235784
3.4874905231235784
3.4848484848484853
3.4822104466313397
3.479576399394856
3.4769463340891913
3.474320241691843
3.471698113207547
3.469079939668175
3.4664657121326297
3.391107761868877
3.38855421686747
3.4612490594431904
3.308270676691729
3.3057851239669422
3.303303303303303
3.3008252063015755
3.2983508245877062
3.295880149812734
3.293413173652695
3.293413173652695
3.2909498878085266
3.288490284005979
3.286034353995519
3.286034353995519
3.2835820895522385
3.2835820895522385
3.2811334824757643
3.278688524590164
3.276247207743857
3.273809523809524
3.2713754646840147
3.2713754646840147
3.268945022288262
3.2665181885671863
3.4124629080118694
3.40993328391401
3.4074074074074074
3.4048852701702446
3.2544378698224854
3.2544378698224854
3.325942350332594
3.325942350332594
3.325942350332594
3.323485967503693
3.3210332103321036
3.3185840707964607
3.316138540899042
3.316138540899042
3.316138540899042
3.313696612665685
3.4609720176730487
3.4584253127299487
3.4558823529411766
3.4533431300514326
3.303964757709251
3.303964757709251
3.301540719002201
3.301540719002201
3.2991202346041053
3.296703296703297
3.294289897510981
3.2918800292611556
3.435672514619883
3.433162892622352
3.287070854638422
3.433162892622352
3.579254930606282
3.579254930606282
3.576642335766423
3.574033552151714
3.571428571428571
3.5688273852876913
3.566229985443959
3.563636363636364
3.7063953488372094
3.7063953488372094
3.7037037037037033
3.7010159651669086
3.7010159651669086
3.698332124728064
3.6956521739130435
3.6956521739130435
3.692976104272266
3.692976104272266
3.692976104272266
3.6903039073806077
3.5430224150397684
3.540462427745665
3.537906137184116
3.537906137184116
3.535353535353535
3.535353535353535
3.532804614275414
3.5302593659942363
3.5277177825773935
3.5251798561151078
3.5226455787203452
3.5201149425287355
3.5175879396984926
3.5150645624103296
3.512544802867384
3.510028653295129
3.6532951289398286
3.650680028632784
3.5050071530758222
3.5025017869907074
3.5000000000000004
3.4975017844396863
3.495007132667618
3.566333808844508
3.566333808844508
3.566333808844508
3.566333808844508
3.5637918745545263
3.561253561253561
3.558718861209965
3.558718861209965
3.558718861209965
3.558718861209965
3.4139402560455197
3.411513859275053
3.411513859275053
3.411513859275053
3.411513859275053
3.411513859275053
3.4090909090909087
3.4066713981547196
3.4066713981547196
3.404255319148936
3.404255319148936
3.401842664776754
3.5410764872521248
3.5385704175513095
3.536067892503536
3.604240282685512
3.6016949152542375
3.7402964008468595
3.7376586741889986
3.6671368124118473
3.6645525017618046
3.8028169014084505
3.8028169014084505
3.8028169014084505
3.8001407459535534
3.8001407459535534
3.79746835443038
3.794799718903725
3.7921348314606744
3.6491228070175437
3.6491228070175437
3.6491228070175437
3.6465638148667603
3.6440084092501754
3.6440084092501754
3.6414565826330536
3.6414565826330536
3.63890832750175
3.6363636363636362
3.6363636363636362
3.6338225017470296
3.7735849056603774
3.7709497206703912
3.768318213538032
3.768318213538032
3.768318213538032
3.768318213538032
3.765690376569038
3.765690376569038
3.765690376569038
3.7630662020905925
3.7604456824512535
3.7604456824512535
3.7578288100208765
3.7552155771905427
3.7526059763724806
3.75
3.747397640527411
3.747397640527411
3.744798890429958
3.7422037422037424
3.739612188365651
3.739612188365651
3.7370242214532867
3.7344398340248963
3.7344398340248963
3.7318590186592946
3.7318590186592946
3.7292817679558015
3.7292817679558015
3.7292817679558015
3.7292817679558015
3.5886818495514143
3.5862068965517238
3.4482758620689653
3.5837353549276365
3.71900826446281
3.716448726772195
3.576341127922971
3.5738831615120272
3.571428571428571
3.568977350720659
3.5665294924554183
3.564084989718986
3.5616438356164384
3.5592060232717317
3.556771545827633
3.556771545827633
3.55434039644566
3.551912568306011
3.549488054607509
3.547066848567531
3.54464894342195
3.54464894342195
3.54464894342195
3.5422343324250685
3.4036759700476518
3.4013605442176873
3.399048266485384
3.399048266485384
3.3967391304347823
3.3944331296673456
3.3921302578018993
3.389830508474576
3.389830508474576
3.2520325203252036
3.2498307379823967
3.247631935047361
3.2454361054766734
3.3783783783783785
3.37609723160027
3.3063427800269904
3.3041132838840186
3.30188679245283
3.2996632996632997
3.297442799461642
3.297442799461642
3.295225285810356
3.295225285810356
3.295225285810356
3.293010752688172
3.290799194089993
3.2885906040268456
3.286384976525822
3.284182305630027
3.2819825853985263
3.2797858099062918
3.2797858099062918
3.413654618473896
3.2797858099062918
3.2775919732441468
3.2754010695187166
3.2754010695187166
3.2754010695187166
3.2732130928523713
3.2710280373831773
3.268845897264843
3.268845897264843
3.266666666666666
3.264490339773484
3.262316910785619
3.262316910785619
3.262316910785619
3.262316910785619
3.260146373918829
3.2579787234042556
3.255813953488372
3.255813953488372
3.2536520584329347
3.187250996015936
3.1851360318513606
3.3156498673740056
3.3156498673740056
3.313452617627568
3.1788079470198674
3.176704169424222
3.1746031746031744
3.1746031746031744
3.3068783068783065
3.304692663582287
3.304692663582287
3.302509907529723
3.3003300330033
3.3663366336633667
3.364116094986808
3.364116094986808
3.3618984838497035
3.491436100131752
3.491436100131752
3.491436100131752
3.489137590520079
3.489137590520079
3.4868421052631575
3.4845496383957926
3.4845496383957926
3.4822601839684624
3.4799737360472753
3.477690288713911
3.477690288713911
3.475409836065574
3.475409836065574
3.475409836065574
3.473132372214941
3.470857891290111
3.470857891290111
3.4685863874345553
3.4663178548070634
3.4640522875816995
3.4640522875816995
3.4617896799477466
3.4595300261096606
3.4595300261096606
3.457273320287019
3.455019556714472
3.452768729641694
3.4505208333333335
3.3203125
3.4505208333333335
3.3203125
3.318152244632401
3.4460338101430428
3.4460338101430428
3.443794671864847
3.4415584415584415
3.4393251135626217
3.3744321868916285
3.372243839169909
3.372243839169909
3.3700583279325986
3.4996759559300066
3.4974093264248705
3.4951456310679614
3.4928848641655885
3.490627020038785
3.490627020038785
3.488372093023256
3.488372093023256
3.4861200774693355
3.483870967741935
3.481624758220503
3.479381443298969
3.479381443298969
3.477141017385705
3.474903474903475
3.4726688102893895
3.4726688102893895
3.470437017994859
3.4682080924855487
3.465982028241335
3.463758819756254
3.3333333333333335
3.2030749519538757
3.329065300896287
3.329065300896287
3.329065300896287
3.326935380678183
3.324808184143223
3.3226837060702876
3.3226837060702876
3.3205619412515963
3.318442884492661
3.318442884492661
3.318442884492661
3.188775510204082
3.31421287444232
3.1847133757961785
3.3099936346276255
3.1806615776081424
3.178639542275906
3.176620076238882
3.1746031746031744
3.1746031746031744
3.1725888324873095
3.1705770450221937
3.1685678073510775
3.1665611146295127
3.1665611146295127
3.1645569620253164
3.1625553447185326
3.16055625790139
3.1585596967782688
3.2828282828282833
3.2807570977917986
3.4047919293820934
3.402646502835539
3.400503778337532
3.400503778337532
3.400503778337532
3.400503778337532
3.3983637507866584
3.3962264150943398
3.39409176618479
3.391959798994975
3.391959798994975
3.389830508474576
3.389830508474576
3.3877038895859477
3.3877038895859477
3.385579937304075
3.3834586466165413
3.3834586466165413
3.3834586466165413
3.3813400125234816
3.379224030037547
3.377110694183865
3.375
3.372891942535915
3.245942571785269
3.2439176543980035
3.2418952618453867
3.2398753894081
3.23785803237858
3.2358431860609835
3.109452736318408
3.107520198881293
3.1055900621118013
3.1036623215394163
3.101736972704715
3.0998140111593306
3.0978934324659235
3.0978934324659235
3.219814241486068
3.217821782178218
3.2158317872603583
3.2138442521631645
3.211859172328598
3.2098765432098766
3.2098765432098766
3.2078963602714374
3.2078963602714374
3.2059186189889024
3.2059186189889024
3.3271719038817005
3.32512315270936
3.323076923076923
3.3210332103321036
3.3189920098340506
3.3169533169533167
3.314917127071823
3.3128834355828225
3.310852237890864
3.308823529411765
3.306797305572566
3.3047735618115053
3.3047735618115053
3.302752293577982
3.302752293577982
3.302752293577982
3.302752293577982
3.3007334963325183
3.2987171655467313
3.296703296703297
3.1746031746031744
3.1746031746031744
3.172666259914582
3.172666259914582
3.1707317073170733
3.1687995124923827
3.1668696711327646
3.2886723507917175
3.2886723507917175
3.2866707242848445
3.2846715328467155
3.2826747720364744
3.2826747720364744
3.2806804374240586
3.2806804374240586
3.278688524590164
3.2766990291262137
3.274711946634324
3.272727272727273
3.2707450030284675
3.2687651331719128
3.2687651331719128
3.2687651331719128
3.2667876588021776
3.2648125755743655
3.2043530834340994
3.2043530834340994
3.2043530834340994
3.2024169184290034
3.2024169184290034
3.2024169184290034
3.20048309178744
3.20048309178744
3.1985515992757994
3.1966224366706877
3.1966224366706877
3.194695599758891
3.1927710843373496
3.1908488862131246
3.1889290012033693
3.1870114251352977
3.1870114251352977
3.1870114251352977
3.1850961538461537
3.183183183183183
3.1812725090036014
3.1812725090036014
3.179364127174565
3.179364127174565
3.1774580335731413
3.1774580335731413
3.1774580335731413
3.1755542240862793
3.1736526946107784
3.1717534410532613
3.1698564593301435
3.167961745367603
3.166069295101553
3.164179104477612
3.162291169451074
3.1604054859868813
3.1604054859868813
3.158522050059595
3.156640857653365
3.1547619047619047
3.1528851873884594
3.1528851873884594
3.1491384432560903
3.147268408551069
3.1454005934718103
3.1454005934718103
3.143534994068802
3.141671606401897
3.139810426540284
3.137951450562463
3.1360946745562135
3.0159668835008873
3.134240094618569
3.1323877068557917
3.130537507383343
3.128689492325856
3.1268436578171093
3.2429245283018866
3.2410135533294047
3.2371983519717484
3.2352941176470593
3.2333921222810114
3.2333921222810114
3.2333921222810114
3.231492361927144
3.231492361927144
3.231492361927144
3.231492361927144
3.2295948326482677
3.286384976525822
3.2844574780058653
3.2825322391559206
3.2806092560046864
3.2806092560046864
3.161592505854801
3.0444964871194378
3.0427150380339376
3.0409356725146197
3.0391583869082406
3.1560490940970194
3.1542056074766354
3.1542056074766354
3.1542056074766354
3.1542056074766354
3.1523642732049035
3.150525087514586
3.150525087514586
3.14868804664723
3.14868804664723
3.146853146853147
3.14502038439138
3.143189755529686
3.143189755529686
3.1413612565445024
3.1413612565445024
3.1413612565445024
3.1395348837209305
3.1395348837209305
3.0232558139534884
3.1395348837209305
3.137710633352702
3.1358885017421603
3.1340684852002325
3.1322505800464038
3.1322505800464038
3.130434782608696
3.0127462340672073
3.0127462340672073
3.011001737116387
3.009259259259259
3.007518796992481
3.007518796992481
3.005780346820809
3.004043905257077
3.0023094688221708
3.0005770340450084
3.1159838430467395
3.1159838430467395
3.1141868512110724
3.112391930835735
3.110599078341014
3.1088082901554404
3.1088082901554404
3.1070195627157653
3.1070195627157653
3.105232892466935
3.105232892466935
3.103448275862069
3.103448275862069
3.1016657093624356
3.0998851894374284
3.0998851894374284
3.098106712564544
3.096330275229358
3.0945558739255015
3.0927835051546393
3.0927835051546393
3.091013165426445
3.0892448512585813
3.085714285714286
3.085714285714286
3.083952027412907
3.0821917808219177
3.080433542498574
3.0786773090079818
3.076923076923077
3.076923076923077
3.0751708428246016
3.073420603301081
3.0716723549488054
3.069926094371802
3.0681818181818183
3.0681818181818183
3.0664395229982966
3.064699205448354
2.9511918274687856
2.949517867271696
2.947845804988662
2.9461756373937678
2.9461756373937678
2.944507361268403
2.944507361268403
2.9428409734012453
2.9428409734012453
2.941176470588235
2.941176470588235
2.9395138496325606
2.9395138496325606
2.824858757062147
2.824858757062147
2.8232636928289105
2.8216704288939054
2.8216704288939054
2.820078962210942
2.818489289740699
2.818489289740699
2.818489289740699
2.8169014084507045
2.815315315315315
2.8137310073157007
2.8137310073157007
2.9262802476083283
2.924634420697413
2.9229904440697023
2.9229904440697023
2.9213483146067416
2.9197080291970803
2.9197080291970803
2.9180695847362514
2.9164329781267524
2.914798206278027
2.914798206278027
2.914798206278027
2.9131652661064424
2.967525195968645
2.9658645775041967
2.9658645775041967
2.9658645775041967
2.8523489932885906
2.850754611514813
2.850754611514813
2.8491620111731844
2.8491620111731844
2.8475711892797317
2.8475711892797317
2.845982142857143
2.8443948689347462
2.8443948689347462
2.8443948689347462
2.842809364548495
2.841225626740947
2.841225626740947
2.839643652561247
2.8380634390651087
2.8380634390651087
2.836484983314794
2.8349082823790996
2.8349082823790996
2.833333333333333
2.833333333333333
2.944444444444444
2.9428095502498612
3.0521642619311873
3.050471436494731
3.050471436494731
3.050471436494731
3.050471436494731
3.048780487804878
3.0470914127423825
2.934662236987818
2.9330381848367457
2.9314159292035398
2.9297954671089
2.9281767955801103
2.9265599116510215
2.924944812362031
2.923331494760066
2.923331494760066
2.9217199558985665
2.9201101928374653
2.9185022026431717
2.9168959823885525
2.915291529152915
2.915291529152915
2.9136888400219902
2.912087912087912
2.910488742449204
2.9088913282107574
2.9088913282107574
2.907295666483818
2.907295666483818
2.905701754385965
2.905701754385965
2.904109589041096
2.9025191675794084
2.9009304871373836
2.9009304871373836
2.899343544857768
2.8977583378895573
2.8961748633879782
2.8961748633879782
2.894593118514473
2.8930131004366815
2.8914348063284234
2.889858233369684
2.888283378746594
2.886710239651416
2.885138813282526
2.883569096844396
2.88200108754758
2.880434782608696
2.8788701792504074
2.8773072747014115
2.875746066196419
2.875746066196419
2.874186550976139
2.872628726287263
2.8710725893824485
2.8710725893824485
2.8695181375203034
2.8695181375203034
2.922077922077922
2.9204975662520285
2.918918918918919
2.9173419773095626
2.915766738660907
2.915766738660907
2.915766738660907
2.914193200215866
2.914193200215866
2.914193200215866
2.912621359223301
2.9110512129380055
2.9094827586206895
3.0172413793103448
3.071120689655172
3.0694668820678515
3.0678148546824544
3.0678148546824544
3.0678148546824544
3.1737493275954813
3.1737493275954813
3.1720430107526885
3.1703385276732945
3.168635875402793
3.168635875402793
3.168635875402793
3.168635875402793
3.168635875402793
3.22234156820623
3.22234156820623
3.22061191626409
3.2188841201716736
3.2171581769436997
3.215434083601286
3.215434083601286
3.2137118371719335
3.2119914346895073
3.2119914346895073
3.2119914346895073
3.210272873194221
3.210272873194221
3.2085561497326207
3.2085561497326207
3.205128205128205
3.205128205128205
3.205128205128205
3.203416978109984
3.2017075773745995
3.2
3.2
3.1982942430703627
3.1965903036760785
3.1948881789137378
3.1931878658861095
3.0867482703565727
3.0867482703565727
3.0851063829787235
3.083466241360978
3.028692879914984
3.1332979288369622
3.1332979288369622
3.1332979288369622
3.1316348195329087
3.129973474801061
3.129973474801061
3.1283138918345705
3.126656067832538
3.125
3.125
3.123345685547909
3.123345685547909
3.123345685547909
3.123345685547909
3.1216931216931214
3.1216931216931214
3.1216931216931214
3.120042305658382
3.1183932346723044
3.1167459059693607
3.1151003167898628
3.1151003167898628
3.007915567282322
3.007915567282322
3.007915567282322
3.1118143459915615
3.004744333157617
3.0031612223393047
3.0031612223393047
3.0015797788309637
3.0015797788309637
3.0015797788309637
3.0015797788309637
3.0
3.0
2.998421883219358
2.996845425867508
2.9952706253284287
2.9936974789915967
2.9921259842519685
2.9921259842519685
2.9905561385099686
2.9889879391714733
2.9874213836477987
2.9858564693556837
2.9858564693556837
2.9858564693556837
2.984293193717278
2.9827315541601256
2.9827315541601256
2.8765690376569037
2.8750653423941452
2.8735632183908044
2.8720626631853787
2.8705636743215033
2.8690662493479393
2.867570385818561
2.86607608129234
2.864583333333333
2.8630921395106714
2.757544224765869
2.7561102444097765
2.754677754677755
2.7532467532467533
2.7532467532467533
2.751817237798546
2.7503892060197197
2.7489626556016598
2.747537584240539
2.7993779160186625
2.7993779160186625
2.901554404145078
2.900051786639047
2.898550724637681
2.8970512157268495
2.8970512157268495
2.8955532574974145
2.9974160206718348
2.9958677685950414
2.9958677685950414
2.994321115126484
2.9927760577915374
3.094378545642084
3.0927835051546393
3.0927835051546393
3.091190108191654
3.089598352214212
3.089598352214212
3.0880082346886257
3.0880082346886257
3.0864197530864197
2.983539094650206
2.983539094650206
2.982005141388175
2.877697841726619
2.8762198253723676
2.8747433264887063
2.8747433264887063
2.8747433264887063
2.8219599794766546
2.8205128205128207
2.8190671450538187
2.817622950819672
2.8161802355350742
2.8147389969293757
2.813299232736573
2.813299232736573
2.813299232736573
2.8118609406952966
2.8118609406952966
2.708226877874297
2.706843718079673
2.7054619703930576
2.806122448979592
2.8046914839367667
2.8046914839367667
2.803261977573904
2.803261977573904
2.90519877675841
2.9037187977585326
2.8004073319755602
2.7989821882951653
2.797558494404883
2.796136248093543
2.7947154471544713
2.7947154471544713
2.7947154471544713
2.793296089385475
2.7918781725888326
2.7904616945712837
2.789046653144016
2.789046653144016
2.787633046122656
2.7862208713272545
2.7848101265822782
2.7848101265822782
2.7848101265822782
2.783400809716599
2.783400809716599
2.783400809716599
2.783400809716599
2.783400809716599
2.783400809716599
2.783400809716599
2.783400809716599
2.7819929185634797
2.7805864509605662
2.8311425682507583
2.829711975745326
2.829711975745326
2.8282828282828283
2.8268551236749118
2.825428859737639
2.8240040342914776
2.82258064516129
2.8211586901763224
2.8197381671701915
2.8183190739808754
2.8183190739808754
2.7679919476597887
2.868646200301963
2.8672032193158956
2.8672032193158956
2.865761689291101
2.864321608040201
2.862882973380211
2.86144578313253
2.7596588058203713
2.7582748244734203
2.756892230576441
2.755511022044088
2.754131196795193
2.8528528528528527
2.851425712856428
2.851425712856428
2.85
2.848575712143928
2.8471528471528473
2.845731402895656
2.844311377245509
2.844311377245509
2.844311377245509
2.8428927680798006
2.8414755732801593
2.8400597907324365
2.838645418326693
2.8372324539571925
2.8358208955223883
2.834410740924913
2.8330019880715707
2.8315946348733236
2.8315946348733236
2.8301886792452833
2.8301886792452833
2.8287841191067
2.8287841191067
2.8784119106699753
2.876984126984127
2.974714923153198
2.973240832507433
2.9717682020802374
2.9702970297029703
2.9702970297029703
2.9688273132112815
2.967359050445104
2.967359050445104
2.967359050445104
2.9658922392486406
2.9644268774703555
2.9629629629629632
2.9629629629629632
2.9629629629629632
2.9135802469135803
2.9135802469135803
2.912142152023692
2.8120374938332513
2.8106508875739644
2.9078363725973384
2.9064039408866997
2.9064039408866997
2.9064039408866997
2.9049729197439684
2.9049729197439684
2.9049729197439684
2.9035433070866143
2.9021151008362023
2.9006882989183875
2.9006882989183875
2.8023598820058995
2.800982800982801
2.7996070726915523
2.798232695139912
2.7968596663395484
2.7968596663395484
2.7954879843060323
2.794117647058824
2.792748652621264
2.792748652621264
2.791380999020568
2.7900146842878124
2.7886497064579254
2.787286063569682
2.787286063569682
2.787286063569682
2.785923753665689
2.784562774792379
2.882266731802638
2.882266731802638
2.880859375
2.8794533918984873
2.8794533918984873
2.878048780487805
2.878048780487805
2.8766455387615797
2.8766455387615797
2.925402242808386
2.923976608187134
2.922552362396493
2.9211295034079843
2.9197080291970803
2.9182879377431905
2.916869227029655
2.9154518950437316
2.9140359397765905
2.912621359223301
2.911208151382824
2.909796314258002
2.909796314258002
2.909796314258002
2.9083858458555505
2.9069767441860463
2.9055690072639226
2.9055690072639226
2.9055690072639226
2.904162633107454
2.9027576197387517
2.9013539651837523
2.899951667472209
2.898550724637681
2.897151134717528
2.8957528957528957
2.892960462873674
2.891566265060241
2.8901734104046244
2.8901734104046244
2.8901734104046244
2.7924891670678864
2.791145332050048
2.7898027898027897
2.7898027898027897
2.7884615384615388
2.787121576165305
2.785782901056676
2.784445511281805
2.783109404990403
2.783109404990403
2.7817745803357314
2.7804410354745923
2.7791087685673217
2.7777777777777777
2.7764480612733364
2.77511961722488
2.77511961722488
2.6781444285031086
2.7724665391969405
2.7724665391969405
2.771141901576684
2.76981852913085
2.768496420047733
2.767175572519084
2.767175572519084
2.7658559847401047
2.7645376549094376
2.763220581229157
2.763220581229157
2.761904761904762
2.7129938124702524
2.806850618458611
2.805515929624346
2.8041825095057034
2.802850356294537
2.801519468186135
2.8001898433792123
2.7988614800759013
2.797534376481745
2.7962085308056874
2.7962085308056874
2.7962085308056874
2.7948839412600663
2.7948839412600663
2.793560606060606
2.793560606060606
2.7922385234264078
2.7922385234264078
2.7909176915799434
2.7909176915799434
2.789598108747045
2.789598108747045
2.8827977315689983
2.8814359943316012
2.8800755429650615
2.878716375648891
2.92590844738084
2.9245283018867925
2.923149457802923
2.923149457802923
2.9217719132893496
2.920395666509656
2.871939736346516
2.871939736346516
2.8705882352941177
2.8692380056444025
2.8678890456041373
2.8665413533834583
2.8651949271958665
2.863849765258216
2.8625058657907085
2.861163227016885
2.861163227016885
2.861163227016885
2.8598218471636194
2.8598218471636194
2.858481724461106
2.857142857142857
2.857142857142857
2.857142857142857
2.857142857142857
2.855805243445693
2.8544688816097334
2.8544688816097334
2.853133769878391
2.853133769878391
2.853133769878391
2.7595884003741813
2.7582982702197287
2.7570093457943927
2.7557216254086874
2.754435107376284
2.754435107376284
2.754435107376284
2.753149790013999
2.751865671641791
2.7505827505827507
2.749301025163094
2.7480204937121564
2.7467411545623834
2.7467411545623834
2.7454630060493255
2.744186046511628
2.744186046511628
2.6511627906976742
2.7429102742910274
2.7416356877323422
2.8345724907063197
2.8345724907063197
2.8345724907063197
2.833255921969345
2.8319405756731664
2.8306264501160094
2.8306264501160094
2.8306264501160094
2.829313543599258
2.829313543599258
2.8280018544274457
2.8266913809082483
2.8266913809082483
2.825382121352478
2.825382121352478
2.825382121352478
2.824074074074074
2.822767237390097
2.8214616096207217
2.820157189089228
2.8188539741219962
2.8188539741219962
2.817551963048499
2.816251154201293
2.816251154201293
2.814951545916013
2.8136531365313653
2.8123559243891196
2.71889400921659
2.7176416397973284
2.716390423572744
2.716390423572744
2.7151403589507592
2.6231017027151404
2.7151403589507592
2.7138914443422264
2.7126436781609193
2.7113970588235294
2.7113970588235294
2.7101515847496556
2.7089072543617996
2.800734618916437
2.799449288664525
2.799449288664525
2.799449288664525
2.799449288664525
2.799449288664525
2.798165137614679
2.796882164144888
2.7956003666361138
2.7943197434722857
2.7930402930402933
2.7917620137299775
2.7917620137299775
2.790484903934126
2.880658436213992
2.8349336991312297
2.880658436213992
2.8793418647166362
2.8780264961169486
2.8767123287671232
2.8753993610223643
2.874087591240876
2.874087591240876
2.8727770177838576
2.871467639015497
2.8701594533029615
2.8688524590163933
2.867546654528903
2.913063268092854
2.9117379435850776
2.910413824465666
2.909090909090909
2.9077691958200815
2.9077691958200815
2.9064486830154403
2.905129369042215
2.905129369042215
2.9038112522686026
2.9038112522686026
2.9024943310657596
2.9024943310657596
2.901178603807797
2.946509519492294
2.9451744449478934
2.943840579710145
2.943840579710145
2.942507922136713
2.942507922136713
2.941176470588235
2.939846223428313
3.0303030303030303
3.0289330922242312
3.027564392227745
3.026196928635953
3.0248306997742667
3.023465703971119
3.0221019395579614
3.0221019395579614
3.0207394048692517
3.0207394048692517
3.0193780982424516
3.0180180180180183
3.0180180180180183
3.0166591625393964
2.9716343989194054
2.9702970297029703
2.9702970297029703
2.968960863697706
3.0575539568345325
3.0561797752808992
3.0561797752808992
3.054806828391734
3.054806828391734
3.009883198562444
3.009883198562444
3.009883198562444
3.0085316569375844
3.0085316569375844
3.007181328545781
3.007181328545781
3.00583221175415
3.004484304932735
3.004484304932735
3.003137606454505
3.0017921146953404
3.0017921146953404
3.000447828034035
2.999104744852283
2.9082774049217
2.996422182468694
2.9950827000447027
2.9950827000447027
2.993744414655943
2.992407324698526
2.992407324698526
2.991071428571429
2.989736724676484
